Date,Open,High,Low,Close,Volume,Adj Close
2013-02-01,35.71,36.04,35.31,35.91,1069600,35.91
2013-01-31,35.07,35.34,34.76,35.24,1927600,35.24
2013-01-30,35.12,35.35,34.93,35.07,881500,35.07
2013-01-29,34.59,35.18,34.59,35.09,642900,35.09
2013-01-28,34.55,34.77,34.33,34.65,407500,34.65
2013-01-25,34.64,34.72,33.95,34.56,1021800,34.56
2013-01-24,34.76,35.01,34.71,34.74,775500,34.74
2013-01-23,34.53,34.80,34.49,34.79,528300,34.79
2013-01-22,34.02,34.65,34.00,34.62,833400,34.62
2013-01-18,33.80,33.99,33.69,33.97,722000,33.97
2013-01-17,33.46,33.99,33.24,33.82,442000,33.82
2013-01-16,33.50,33.56,33.21,33.43,329200,33.43
2013-01-15,33.52,33.78,33.38,33.60,376800,33.60
2013-01-14,33.36,33.70,33.30,33.64,440100,33.64
2013-01-11,33.21,33.43,32.98,33.41,323600,33.41
2013-01-10,33.36,33.49,32.90,33.08,962600,33.08
2013-01-09,33.33,33.33,33.08,33.28,441200,33.28
2013-01-08,33.13,33.28,32.97,33.20,650900,33.20
2013-01-07,33.64,33.64,33.21,33.22,888700,33.22
2013-01-04,33.57,33.79,33.45,33.76,494200,33.76
2013-01-03,33.37,33.79,33.23,33.55,972300,33.55
2013-01-02,33.29,33.54,33.19,33.30,1115500,33.30
2012-12-31,32.13,32.80,31.95,32.71,603500,32.71
2012-12-28,32.21,32.48,32.08,32.22,288800,32.22
2012-12-27,32.39,32.51,32.00,32.33,388100,32.33
2012-12-26,32.90,32.90,32.41,32.42,430500,32.42
2012-12-24,32.91,32.97,32.40,32.79,204300,32.79
2012-12-21,32.72,33.04,32.59,32.92,847800,32.92
2012-12-20,32.97,33.06,32.75,32.95,477400,32.95
2012-12-19,32.58,33.10,32.54,32.93,639900,32.93
2012-12-18,32.81,32.81,32.30,32.55,923700,32.55
2012-12-17,32.38,32.74,32.36,32.73,719300,32.73
2012-12-14,32.49,32.73,32.31,32.34,446800,32.34
2012-12-13,32.75,32.97,32.43,32.47,700500,32.47
2012-12-12,33.21,33.24,32.79,32.83,735400,32.83
2012-12-11,33.11,33.41,32.92,33.23,874500,32.96
2012-12-10,33.11,33.24,32.96,33.06,1045700,32.79
2012-12-07,33.34,33.37,33.01,33.14,808300,32.87
2012-12-06,33.35,33.58,33.26,33.36,708400,33.09
2012-12-05,33.15,33.45,32.98,33.35,1118300,33.08
2012-12-04,33.20,33.44,32.94,33.12,959200,32.85
2012-12-03,33.25,33.43,32.89,33.24,751300,32.97
2012-11-30,33.38,33.50,33.08,33.22,1027500,32.95
2012-11-29,33.15,33.39,32.98,33.35,965700,33.08
2012-11-28,32.70,33.08,32.36,32.92,845100,32.65
2012-11-27,32.60,33.01,32.36,32.90,593200,32.63
2012-11-26,31.78,32.59,31.78,32.55,589900,32.29
2012-11-23,31.77,31.99,31.65,31.78,225900,31.52
2012-11-21,31.90,31.92,31.68,31.77,343200,31.51
2012-11-20,31.74,31.93,31.44,31.77,399600,31.51
2012-11-19,31.06,31.75,30.88,31.63,796100,31.37
2012-11-16,30.43,30.75,30.15,30.75,475400,30.50
2012-11-15,30.78,30.94,30.31,30.49,560900,30.24
2012-11-14,31.16,31.23,30.69,30.85,510800,30.60
2012-11-13,31.11,31.47,31.04,31.18,547700,30.93
2012-11-12,31.51,31.64,31.17,31.29,373800,31.04
2012-11-09,31.35,31.70,31.07,31.53,474700,31.27
2012-11-08,31.26,32.31,31.26,31.55,648800,31.29
2012-11-07,31.99,32.09,31.00,31.41,650300,31.15
2012-11-06,31.89,32.30,31.81,32.22,362300,31.96
2012-11-05,32.09,32.12,31.81,31.86,360100,31.60
2012-11-02,32.85,32.85,32.08,32.08,354100,31.82
2012-11-01,32.28,33.00,32.26,32.67,599500,32.40
2012-10-31,32.24,32.47,32.09,32.29,454400,32.03
2012-10-26,32.30,32.55,32.21,32.27,408700,32.01
2012-10-25,32.56,32.56,32.11,32.36,341000,32.10
2012-10-24,32.32,32.47,32.15,32.21,327500,31.95
2012-10-23,32.28,32.43,31.95,32.26,530700,32.00
2012-10-22,32.86,32.86,32.31,32.45,385300,32.19
2012-10-19,33.00,33.36,32.73,32.86,1037700,32.59
2012-10-18,32.89,33.16,32.81,33.09,747000,32.82
2012-10-17,32.17,32.92,32.08,32.86,743600,32.59
2012-10-16,31.72,32.16,31.67,32.16,475800,31.90
2012-10-15,31.33,31.73,31.12,31.67,468200,31.41
2012-10-12,31.54,31.65,31.21,31.28,620000,31.03
2012-10-11,31.72,31.80,31.56,31.57,375600,31.31
2012-10-10,31.80,31.96,31.44,31.59,547700,31.33
2012-10-09,31.89,32.05,31.66,31.79,344500,31.53
2012-10-08,31.83,32.10,31.77,31.96,280700,31.70
2012-10-05,32.18,32.33,31.90,31.91,371800,31.65
2012-10-04,31.83,32.04,31.66,32.04,445600,31.78
2012-10-03,31.41,31.84,31.30,31.67,551300,31.41
2012-10-02,31.28,31.33,31.10,31.31,467900,31.06
2012-10-01,31.92,31.92,30.97,31.10,821900,30.85
2012-09-28,31.47,31.80,31.29,31.75,599000,31.49
2012-09-27,31.75,31.87,31.45,31.56,330900,31.30
2012-09-26,31.46,31.79,31.41,31.72,647000,31.46
2012-09-25,31.47,31.79,31.36,31.41,579200,31.15
2012-09-24,31.20,31.63,31.20,31.41,640500,31.15
2012-09-21,31.22,31.48,31.10,31.27,774300,31.02
2012-09-20,31.08,31.31,31.01,31.18,301500,30.93
2012-09-19,30.80,31.12,30.80,31.09,537500,30.84
2012-09-18,30.56,30.87,30.46,30.80,651100,30.55
2012-09-17,30.50,30.73,30.43,30.53,540800,30.28
2012-09-14,30.94,30.99,30.48,30.56,506100,30.31
2012-09-13,30.75,30.94,30.60,30.94,611100,30.69
2012-09-12,30.89,30.98,30.58,30.76,435300,30.51
2012-09-11,31.15,31.26,30.98,31.03,485500,30.51
2012-09-10,31.23,31.26,31.04,31.18,407000,30.66
2012-09-07,31.38,31.50,31.11,31.21,385800,30.69
2012-09-06,31.15,31.51,31.08,31.46,506200,30.93
2012-09-05,30.85,31.08,30.66,31.01,680200,30.49
2012-09-04,30.52,30.92,30.27,30.85,484300,30.33
2012-08-31,30.68,30.85,30.47,30.48,350900,29.97
2012-08-30,30.49,30.62,30.37,30.51,327100,30.00
2012-08-29,30.64,30.71,30.43,30.66,292000,30.15
2012-08-28,30.59,30.72,30.40,30.56,392000,30.05
2012-08-27,30.43,30.67,30.26,30.61,294300,30.10
2012-08-24,30.08,30.45,30.04,30.38,268400,29.87
2012-08-23,30.71,30.74,30.17,30.20,437900,29.69
2012-08-22,30.93,30.94,30.49,30.68,388000,30.17
2012-08-21,31.00,31.25,30.89,30.91,451500,30.39
2012-08-20,31.04,31.14,30.93,30.98,381400,30.46
2012-08-17,31.11,31.20,30.91,31.09,363900,30.57
2012-08-16,30.83,31.26,30.82,31.13,697300,30.61
2012-08-15,31.09,31.24,30.80,30.86,924400,30.34
2012-08-14,30.51,31.22,30.46,31.07,764900,30.55
2012-08-13,30.44,30.56,30.18,30.35,586000,29.84
2012-08-10,30.36,30.56,30.13,30.53,434600,30.02
2012-08-09,30.21,30.56,30.07,30.39,272200,29.88
2012-08-08,30.35,30.51,30.14,30.28,498800,29.77
2012-08-07,30.97,30.97,30.27,30.50,655100,29.99
2012-08-06,30.97,31.11,30.78,30.97,351000,30.45
2012-08-03,30.82,31.16,30.77,30.86,480900,30.34
2012-08-02,30.71,30.71,30.23,30.62,465100,30.11
2012-08-01,30.80,31.28,30.68,30.88,844100,30.36
2012-07-31,30.57,30.87,30.50,30.65,536400,30.14
2012-07-30,30.41,30.76,30.35,30.57,436100,30.06
2012-07-27,30.19,30.51,30.03,30.44,649500,29.93
2012-07-26,30.22,30.73,29.97,29.99,677400,29.49
2012-07-25,30.36,30.39,29.72,29.92,893300,29.42
2012-07-24,30.68,30.73,30.03,30.18,543700,29.67
2012-07-23,30.59,30.91,30.46,30.70,490400,30.19
2012-07-20,30.68,30.95,30.39,30.79,5085100,30.27
2012-07-19,31.06,31.15,30.61,30.77,965500,30.25
2012-07-18,31.15,31.29,30.92,31.08,953600,30.56
2012-07-17,31.20,31.51,30.91,31.18,1453400,30.66
2012-07-16,31.11,31.29,30.91,31.12,940700,30.60
2012-07-13,30.87,31.32,30.87,31.00,996000,30.48
2012-07-12,30.58,31.04,30.44,30.85,655500,30.33
2012-07-11,30.57,30.78,30.51,30.67,613900,30.16
2012-07-10,30.31,30.57,30.31,30.50,879800,29.99
2012-07-09,30.18,30.38,29.99,30.29,384700,29.78
2012-07-06,29.85,30.31,29.82,30.25,468700,29.74
2012-07-05,29.89,30.30,29.86,30.07,499900,29.57
2012-07-03,30.25,30.38,30.09,30.11,447100,29.61
2012-07-02,29.61,30.51,29.52,30.29,1179900,29.78
2012-06-29,29.30,29.56,29.16,29.43,781400,28.94
2012-06-28,28.48,28.90,28.36,28.90,602500,28.42
2012-06-27,27.78,28.72,27.78,28.57,852800,28.09
2012-06-26,28.25,28.38,28.06,28.08,486500,27.61
2012-06-25,28.34,28.42,28.16,28.23,387100,27.76
2012-06-22,28.64,28.78,28.55,28.57,704500,28.09
2012-06-21,28.87,29.08,28.53,28.59,714200,28.11
2012-06-20,29.31,29.37,28.80,28.92,547900,28.44
2012-06-19,28.94,29.43,28.91,29.29,514900,28.80
2012-06-18,28.61,28.97,28.45,28.92,466600,28.44
2012-06-15,28.93,29.09,28.67,28.73,664200,28.25
2012-06-14,28.94,29.00,28.73,28.85,480100,28.37
2012-06-13,28.96,29.14,28.67,28.87,760200,28.39
2012-06-12,29.08,29.17,28.92,29.13,885300,28.38
2012-06-11,29.42,29.73,28.97,29.00,569600,28.25
2012-06-08,29.08,29.37,28.96,29.25,501500,28.49
2012-06-07,29.19,29.45,29.10,29.14,775500,28.39
2012-06-06,28.64,28.97,28.53,28.97,587400,28.22
2012-06-05,28.32,28.65,28.28,28.47,465700,27.73
2012-06-04,28.45,28.51,28.25,28.36,492000,27.63
2012-06-01,28.53,28.83,28.27,28.38,1000300,27.65
2012-05-31,28.39,28.78,28.14,28.68,636300,27.94
2012-05-30,28.66,28.74,28.26,28.34,408400,27.61
2012-05-29,28.86,28.95,28.61,28.85,666200,28.10
2012-05-25,28.67,28.84,28.64,28.77,315900,28.03
2012-05-24,28.51,28.75,28.38,28.75,377600,28.01
2012-05-23,28.66,28.83,28.20,28.51,692000,27.77
2012-05-22,28.72,28.83,28.59,28.81,492500,28.06
2012-05-21,28.64,28.72,28.29,28.60,572500,27.86
2012-05-18,28.96,28.96,28.54,28.60,484200,27.86
2012-05-17,29.13,29.24,28.81,28.83,489100,28.08
2012-05-16,29.19,29.29,28.98,29.11,479400,28.36
2012-05-15,29.21,29.43,29.01,29.14,466300,28.39
2012-05-14,29.08,29.48,28.90,29.19,571700,28.43
2012-05-11,29.48,29.71,29.24,29.30,603100,28.54
2012-05-10,29.46,29.77,29.41,29.62,564400,28.85
2012-05-09,29.11,29.43,28.94,29.28,870700,28.52
2012-05-08,29.10,29.42,29.10,29.39,956100,28.63
2012-05-07,29.07,29.36,28.95,29.16,684800,28.41
2012-05-04,29.11,29.23,28.91,29.03,468500,28.28
2012-05-03,29.16,29.41,29.05,29.11,751200,28.36
2012-05-02,29.21,29.30,28.90,29.13,750400,28.38
2012-05-01,29.25,29.60,29.11,29.39,911500,28.63
2012-04-30,28.59,29.18,28.44,29.18,1086800,28.43
2012-04-27,29.20,29.64,28.09,28.54,1330300,27.80
2012-04-26,26.98,27.56,26.73,27.48,982700,26.77
2012-04-25,26.95,27.21,26.89,27.17,803900,26.47
2012-04-24,26.54,26.77,26.46,26.67,641300,25.98
2012-04-23,26.40,26.83,26.30,26.62,965500,25.93
2012-04-20,26.44,26.73,26.44,26.61,1007400,25.92
2012-04-19,26.70,26.75,26.32,26.40,1017100,25.72
2012-04-18,26.90,26.90,26.61,26.70,718100,26.01
2012-04-17,26.84,27.27,26.73,26.97,833200,26.27
2012-04-16,26.59,26.74,26.45,26.60,630400,25.91
2012-04-13,26.76,26.97,26.57,26.60,633300,25.91
2012-04-12,26.77,27.04,26.71,26.81,675600,26.12
2012-04-11,27.15,27.16,26.71,26.77,608000,26.08
2012-04-10,27.26,27.30,26.78,26.88,920200,26.18
2012-04-09,27.27,27.39,27.14,27.31,691700,26.60
2012-04-05,27.86,28.01,27.51,27.61,617100,26.90
2012-04-04,27.68,28.04,27.58,27.89,901400,27.17
2012-04-03,27.63,27.88,27.54,27.87,879200,27.15
2012-04-02,27.31,28.01,27.16,27.59,786000,26.88
2012-03-30,27.51,27.53,27.25,27.25,595500,26.55
2012-03-29,27.32,27.46,27.01,27.41,495100,26.70
2012-03-28,27.56,27.60,27.19,27.47,538800,26.76
2012-03-27,27.48,27.62,27.41,27.55,555300,26.84
2012-03-26,27.44,27.50,27.26,27.46,616600,26.75
2012-03-23,27.29,27.39,27.11,27.25,464100,26.55
2012-03-22,27.01,27.28,26.78,27.21,701700,26.51
2012-03-21,27.37,27.42,27.13,27.18,414400,26.48
2012-03-20,27.48,27.64,27.32,27.37,362500,26.66
2012-03-19,27.50,27.78,27.43,27.58,362700,26.87
2012-03-16,27.78,27.80,27.45,27.52,1161700,26.81
2012-03-15,27.81,27.81,27.40,27.78,549400,27.06
2012-03-14,28.10,28.10,27.56,27.72,843800,27.00
2012-03-13,27.96,28.20,27.80,28.16,636000,27.43
2012-03-12,28.02,28.16,27.91,28.10,530800,27.12
2012-03-09,28.03,28.24,27.88,28.01,416700,27.03
2012-03-08,27.81,28.06,27.66,28.02,674100,27.04
2012-03-07,27.72,27.83,27.47,27.65,453500,26.69
2012-03-06,28.04,28.04,27.56,27.65,588800,26.69
2012-03-05,28.02,28.26,27.74,28.23,492900,27.25
2012-03-02,28.42,28.46,27.94,28.04,847700,27.06
2012-03-01,28.40,28.79,28.29,28.51,687900,27.52
2012-02-29,28.59,28.66,28.11,28.25,902500,27.26
2012-02-28,28.94,28.94,28.35,28.50,1037300,27.51
2012-02-27,28.64,29.02,28.34,28.93,1283400,27.92
2012-02-24,29.20,29.20,28.65,28.69,844200,27.69
2012-02-23,28.68,30.25,28.63,29.19,3216400,28.17
2012-02-22,27.91,28.41,27.82,28.41,1226100,27.42
2012-02-21,27.64,28.01,27.56,27.94,653600,26.97
2012-02-17,27.72,27.75,27.52,27.56,338200,26.60
2012-02-16,27.14,27.79,27.11,27.62,672300,26.66
2012-02-15,27.32,27.41,27.01,27.09,622700,26.15
2012-02-14,27.17,27.32,27.03,27.22,477800,26.27
2012-02-13,27.30,27.43,27.10,27.18,576300,26.23
2012-02-10,27.21,27.24,27.03,27.10,657300,26.15
2012-02-09,27.64,27.65,27.30,27.42,610100,26.46
2012-02-08,27.67,27.71,27.21,27.53,815400,26.57
2012-02-07,27.59,27.80,27.51,27.69,743300,26.72
2012-02-06,27.51,27.83,27.47,27.58,751700,26.62
2012-02-03,27.61,27.74,27.53,27.61,645300,26.65
2012-02-02,27.29,27.42,27.17,27.42,869700,26.46
2012-02-01,27.16,27.36,26.98,27.21,939900,26.26
2012-01-31,26.68,26.94,26.46,26.91,2404000,25.97
2012-01-30,26.62,26.79,26.48,26.51,1353600,25.59
2012-01-27,27.34,27.51,26.75,26.86,1548200,25.92
2012-01-26,27.16,27.55,27.09,27.48,1290600,26.52
2012-01-25,26.58,27.50,26.01,26.91,2913400,25.97
2012-01-24,28.26,28.26,27.99,28.10,894900,27.12
2012-01-23,28.26,28.62,28.15,28.38,1219100,27.39
2012-01-20,27.53,28.27,27.50,28.20,1039200,27.22
2012-01-19,28.13,28.13,27.52,27.56,988700,26.60
2012-01-18,28.00,28.06,27.80,27.99,748400,27.01
2012-01-17,28.07,28.34,27.99,28.03,1014500,27.05
2012-01-13,28.04,28.16,27.65,27.87,737900,26.90
2012-01-12,28.26,28.31,27.89,28.11,836800,27.13
2012-01-11,28.45,28.45,28.11,28.19,524800,27.21
2012-01-10,28.49,28.51,28.34,28.45,583300,27.46
2012-01-09,28.42,28.49,28.15,28.28,555900,27.29
2012-01-06,28.73,28.75,28.45,28.48,650700,27.49
2012-01-05,28.75,28.81,28.45,28.67,1031500,27.67
2012-01-04,29.26,29.26,28.76,28.78,781300,27.78
2012-01-03,29.84,29.84,29.19,29.25,623200,28.23
2011-12-30,29.62,29.84,29.39,29.40,563700,28.37
2011-12-29,29.30,29.65,29.26,29.65,559800,28.62
2011-12-28,29.33,29.39,29.13,29.17,444500,28.15
2011-12-27,29.24,29.48,29.12,29.42,288700,28.39
2011-12-23,29.18,29.31,29.16,29.25,282500,28.23
2011-12-22,29.36,29.36,28.99,29.08,401400,28.07
2011-12-21,28.73,29.21,28.65,29.21,951600,28.19
2011-12-20,28.27,28.85,28.21,28.72,834600,27.72
2011-12-19,28.23,28.48,27.70,27.77,1278000,26.80
2011-12-16,27.85,28.43,27.85,28.19,1808400,27.21
2011-12-15,27.71,28.11,27.61,27.91,1026800,26.94
2011-12-14,27.63,27.73,27.35,27.39,1353500,26.43
2011-12-13,27.85,28.15,27.52,27.63,1477900,26.67
2011-12-12,28.39,28.43,27.67,27.83,1398100,26.61
2011-12-09,28.43,28.78,28.14,28.70,1179100,27.44
2011-12-08,28.44,28.57,27.89,28.28,2051600,27.04
2011-12-07,28.51,28.82,28.19,28.51,7269400,27.26
2011-12-06,28.83,28.83,28.41,28.64,1262000,27.38
2011-12-05,28.90,29.18,28.62,28.80,1251200,27.54
2011-12-02,28.52,29.05,28.00,28.50,4109900,27.25
2011-12-01,29.93,30.22,29.76,29.76,747200,28.45
2011-11-30,30.03,30.13,29.62,29.96,841600,28.64
2011-11-29,28.72,29.40,28.65,29.27,547700,27.99
2011-11-28,28.69,28.95,28.37,28.52,590100,27.27
2011-11-25,28.15,28.50,28.09,28.15,182900,26.91
2011-11-23,28.34,28.46,28.06,28.15,431600,26.91
2011-11-22,28.91,29.05,28.54,28.57,512200,27.32
2011-11-21,29.09,29.10,28.73,28.87,582500,27.60
2011-11-18,29.71,29.71,29.28,29.44,533300,28.15
2011-11-17,29.57,29.75,29.21,29.56,687900,28.26
2011-11-16,29.39,29.88,29.15,29.52,891800,28.22
2011-11-15,29.10,29.64,29.05,29.50,528800,28.20
2011-11-14,29.33,29.55,29.12,29.23,598800,27.95
2011-11-11,28.72,29.44,28.72,29.41,685000,28.12
2011-11-10,28.51,28.57,28.17,28.50,1104600,27.25
2011-11-09,28.12,28.53,28.05,28.29,626700,27.05
2011-11-08,29.14,29.24,28.15,28.82,1163400,27.55
2011-11-07,29.60,29.60,28.89,29.35,742600,28.06
2011-11-04,29.46,29.63,29.18,29.42,624700,28.13
2011-11-03,29.48,29.89,29.21,29.70,1029300,28.40
2011-11-02,28.56,29.42,28.51,29.19,1343300,27.91
2011-11-01,28.01,28.39,27.68,28.11,1262900,26.88
2011-10-31,28.80,29.18,28.42,28.67,711600,27.41
2011-10-28,28.93,29.26,28.80,28.99,523200,27.72
2011-10-27,28.76,29.27,28.72,29.03,672400,27.76
2011-10-26,28.12,28.31,27.98,28.18,558800,26.94
2011-10-25,28.24,28.31,27.85,27.89,725500,26.67
2011-10-24,27.94,28.44,27.89,28.40,650400,27.15
2011-10-21,27.52,28.07,27.52,27.96,671000,26.73
2011-10-20,27.19,27.47,26.91,27.31,950400,26.11
2011-10-19,27.83,28.01,27.05,27.13,1028000,25.94
2011-10-18,28.03,28.10,27.61,27.84,994000,26.62
2011-10-17,27.29,28.19,27.29,28.03,2476400,26.80
2011-10-14,27.05,27.73,26.82,27.64,852400,26.43
2011-10-13,26.86,26.89,26.32,26.83,1057800,25.65
2011-10-12,27.01,27.48,26.93,26.98,887100,25.80
2011-10-11,26.71,26.93,26.62,26.87,671200,25.69
2011-10-10,26.63,26.87,26.58,26.84,990000,25.66
2011-10-07,27.39,27.61,26.25,26.27,1436500,25.12
2011-10-06,25.77,26.58,25.68,26.40,1284300,25.24
2011-10-05,25.28,25.89,24.99,25.82,1064300,24.69
2011-10-04,24.72,25.20,24.07,25.17,1795300,24.07
2011-10-03,26.23,26.50,24.87,24.89,1301200,23.80
2011-09-30,26.42,26.91,26.25,26.27,1632500,25.12
2011-09-29,26.76,26.99,26.43,26.80,885300,25.62
2011-09-28,27.39,27.45,26.29,26.30,938400,25.15
2011-09-27,26.67,27.67,26.67,27.36,1885800,26.16
2011-09-26,26.83,26.93,25.96,26.18,1569100,25.03
2011-09-23,26.38,26.65,26.27,26.57,1070700,25.40
2011-09-22,27.07,27.25,26.30,26.51,1051800,25.35
2011-09-21,28.73,28.75,27.71,27.71,551000,26.49
2011-09-20,28.70,29.33,28.64,28.74,567500,27.48
2011-09-19,28.54,28.66,28.36,28.56,672800,27.31
2011-09-16,28.97,29.17,28.77,28.90,1209400,27.63
2011-09-15,29.07,29.07,28.62,28.84,988700,27.57
2011-09-14,28.64,29.10,28.32,28.79,949900,27.53
2011-09-13,28.45,28.56,28.17,28.47,470400,27.22
2011-09-12,28.21,28.62,28.09,28.62,425100,27.12
2011-09-09,29.16,29.24,28.35,28.53,710100,27.03
2011-09-08,29.43,29.78,29.34,29.48,1299600,27.93
2011-09-07,29.16,29.59,29.07,29.59,695800,28.03
2011-09-06,28.55,28.78,28.36,28.73,712200,27.22
2011-09-02,29.31,30.03,29.15,29.41,975100,27.86
2011-09-01,29.81,30.07,29.69,29.88,1148300,28.31
2011-08-31,29.50,29.93,29.46,29.76,771100,28.20
2011-08-30,29.15,29.54,29.05,29.39,464600,27.84
2011-08-29,29.13,29.35,28.92,29.28,579800,27.74
2011-08-26,28.19,28.85,27.61,28.80,715600,27.29
2011-08-25,28.88,28.96,28.10,28.35,1004500,26.86
2011-08-24,27.64,28.83,27.57,28.71,1022300,27.20
2011-08-23,27.08,27.64,26.84,27.63,766000,26.18
2011-08-22,27.75,27.75,26.86,26.96,840400,25.54
2011-08-19,27.18,27.65,27.13,27.14,548200,25.71
2011-08-18,28.02,28.02,27.21,27.44,608300,26.00
2011-08-17,28.68,29.02,28.46,28.55,502300,27.05
2011-08-16,28.45,28.69,28.24,28.52,604400,27.02
2011-08-15,27.92,28.73,27.91,28.73,684100,27.22
2011-08-12,28.46,28.50,27.51,27.74,745100,26.28
2011-08-11,26.86,28.67,26.71,28.28,1224600,26.79
2011-08-10,27.04,27.76,26.73,26.79,1071000,25.38
2011-08-09,26.42,27.73,25.88,27.70,1786300,26.24
2011-08-08,26.92,27.19,25.81,25.93,1664100,24.57
2011-08-05,28.41,28.46,27.22,27.83,1650200,26.37
2011-08-04,29.28,29.61,28.18,28.21,1127100,26.73
2011-08-03,29.66,29.66,29.03,29.49,975100,27.94
2011-08-02,30.12,30.36,29.57,29.58,604100,28.02
2011-08-01,30.49,30.49,30.10,30.26,1082500,28.67
2011-07-29,30.00,30.53,29.56,30.30,1077400,28.71
2011-07-28,30.65,30.65,30.10,30.22,1134400,28.63
2011-07-27,31.19,31.19,30.46,30.62,963900,29.01
2011-07-26,31.88,31.88,31.15,31.25,587300,29.61
2011-07-25,31.86,32.00,31.76,31.79,388100,30.12
2011-07-22,32.17,32.29,31.89,31.96,395200,30.28
2011-07-21,31.92,32.35,31.78,32.29,558200,30.59
2011-07-20,31.54,31.81,31.42,31.78,358000,30.11
2011-07-19,31.24,31.46,31.17,31.41,556000,29.76
2011-07-18,31.72,31.73,31.04,31.18,542400,29.54
2011-07-15,31.81,31.93,31.65,31.88,344700,30.20
2011-07-14,32.13,32.29,31.67,31.74,396300,30.07
2011-07-13,32.25,32.34,31.98,32.04,480400,30.36
2011-07-12,32.02,32.25,31.88,32.08,386600,30.39
2011-07-11,32.17,32.29,31.98,32.05,322700,30.36
2011-07-08,32.22,32.39,32.07,32.36,387700,30.66
2011-07-07,32.68,32.68,32.31,32.50,496900,30.79
2011-07-06,32.28,32.52,32.21,32.39,569500,30.69
2011-07-05,32.54,32.54,32.18,32.28,505800,30.58
2011-07-01,32.00,32.48,31.94,32.47,420100,30.76
2011-06-30,31.94,31.99,31.70,31.89,466600,30.21
2011-06-29,31.62,31.91,31.52,31.86,460700,30.18
2011-06-28,31.52,31.79,31.45,31.57,439800,29.91
2011-06-27,31.30,31.53,31.25,31.34,779000,29.69
2011-06-24,31.14,31.54,31.10,31.25,752700,29.61
2011-06-23,31.27,31.27,30.96,31.19,891400,29.55
2011-06-22,31.46,31.61,31.29,31.50,540700,29.84
2011-06-21,31.28,31.52,31.19,31.48,486800,29.82
2011-06-20,30.90,31.28,30.90,31.14,374700,29.50
2011-06-17,30.89,31.08,30.68,30.94,855300,29.31
2011-06-16,30.37,30.70,30.32,30.61,646600,29.00
2011-06-15,30.56,30.81,30.22,30.31,617100,28.72
2011-06-14,30.82,30.99,30.65,30.83,552100,29.21
2011-06-13,30.61,30.80,30.49,30.61,542800,29.00
2011-06-10,30.76,30.99,30.69,30.92,931200,29.05
2011-06-09,31.05,31.12,30.87,30.89,554100,29.02
2011-06-08,30.82,31.67,30.61,31.05,927300,29.17
2011-06-07,31.22,31.22,30.79,30.79,1071600,28.93
2011-06-06,31.33,31.40,30.93,31.04,817000,29.16
2011-06-03,31.16,31.77,31.00,31.34,1044200,29.44
2011-06-02,32.59,32.62,31.40,31.50,1176300,29.59
2011-06-01,32.86,33.12,32.60,32.71,1004700,30.73
2011-05-31,32.45,32.79,32.24,32.78,732600,30.80
2011-05-27,32.29,32.43,32.15,32.29,260000,30.33
2011-05-26,32.01,32.23,31.67,32.13,542700,30.18
2011-05-25,31.74,32.17,31.56,32.04,328400,30.10
2011-05-24,31.99,32.03,31.75,31.77,290400,29.85
2011-05-23,32.14,32.23,31.83,31.85,505900,29.92
2011-05-20,32.43,32.74,32.22,32.48,491300,30.51
2011-05-19,32.43,32.58,32.18,32.45,414800,30.49
2011-05-18,32.01,32.32,31.77,32.26,409200,30.31
2011-05-17,32.03,32.11,31.74,31.93,395300,30.00
2011-05-16,32.14,32.38,32.04,32.12,433100,30.18
2011-05-13,32.47,32.55,31.94,32.21,434700,30.26
2011-05-12,32.14,32.55,32.07,32.48,544000,30.51
2011-05-11,32.65,32.75,32.02,32.22,471600,30.27
2011-05-10,32.59,32.82,32.57,32.73,358000,30.75
2011-05-09,32.25,32.59,32.15,32.52,450600,30.55
2011-05-06,32.33,32.73,32.00,32.23,475300,30.28
2011-05-05,32.18,32.26,31.85,32.05,1024500,30.11
2011-05-04,32.58,32.58,32.24,32.39,866800,30.43
2011-05-03,32.50,33.09,32.47,32.59,685100,30.62
2011-05-02,33.53,33.53,32.68,32.74,828100,30.76
2011-04-29,33.13,33.42,33.06,33.30,390000,31.28
2011-04-28,32.87,33.26,32.82,33.17,436300,31.16
2011-04-27,32.71,32.99,32.59,32.98,418100,30.98
2011-04-26,32.38,32.81,32.25,32.67,352100,30.69
2011-04-25,32.22,32.32,32.07,32.25,404700,30.30
2011-04-21,32.12,32.15,31.99,32.15,472000,30.20
2011-04-20,31.77,32.18,31.71,31.97,557800,30.03
2011-04-19,31.50,31.68,31.34,31.39,535400,29.49
2011-04-18,31.74,31.76,31.32,31.50,436000,29.59
2011-04-15,31.64,32.08,31.49,32.02,512000,30.08
2011-04-14,31.35,31.58,31.21,31.55,763000,29.64
2011-04-13,31.67,31.75,31.40,31.50,561800,29.59
2011-04-12,31.97,32.07,31.42,31.52,512900,29.61
2011-04-11,32.58,32.64,32.06,32.14,474100,30.19
2011-04-08,32.96,32.96,32.46,32.65,435600,30.67
2011-04-07,33.03,33.07,32.65,32.78,575500,30.80
2011-04-06,33.23,33.31,33.00,33.08,656400,31.08
2011-04-05,33.18,33.29,32.97,33.17,468400,31.16
2011-04-04,33.21,33.48,33.02,33.30,447400,31.28
2011-04-01,33.00,33.31,33.00,33.17,717500,31.16
2011-03-31,32.56,32.99,32.54,32.90,426400,30.91
2011-03-30,32.23,32.63,32.23,32.54,263000,30.57
2011-03-29,31.76,32.19,31.65,32.14,411100,30.19
2011-03-28,32.25,32.45,31.77,31.81,497100,29.88
2011-03-25,32.19,32.60,32.14,32.17,433500,30.22
2011-03-24,32.09,32.27,31.88,32.16,287100,30.21
2011-03-23,32.05,32.05,31.72,31.95,298700,30.02
2011-03-22,32.07,32.26,32.03,32.07,578300,30.13
2011-03-21,31.60,32.36,31.53,32.10,661400,30.16
2011-03-18,31.28,31.71,31.23,31.34,576500,29.44
2011-03-17,31.00,31.16,30.67,31.06,620700,29.18
2011-03-16,30.90,31.07,30.63,30.74,1001500,28.88
2011-03-15,30.75,31.63,30.65,30.92,855500,29.05
2011-03-14,31.59,31.79,31.41,31.60,600100,29.69
2011-03-11,31.52,31.94,31.52,31.81,425500,29.88
2011-03-10,32.33,32.33,31.94,32.06,499000,29.88
2011-03-09,32.70,32.95,32.56,32.66,695900,30.44
2011-03-08,32.83,32.93,32.65,32.77,737300,30.55
2011-03-07,32.94,33.23,32.65,32.79,1820800,30.56
2011-03-04,33.18,33.18,32.78,33.00,622500,30.76
2011-03-03,32.52,33.34,32.45,33.22,799400,30.97
2011-03-02,31.95,32.47,31.84,32.34,643900,30.14
2011-03-01,32.01,32.52,31.80,31.84,605500,29.68
2011-02-28,32.03,32.35,31.89,31.89,549100,29.73
2011-02-25,31.55,32.01,31.39,32.01,368300,29.84
2011-02-24,31.68,31.70,31.24,31.39,489100,29.26
2011-02-23,32.26,32.26,31.67,31.67,524600,29.52
2011-02-22,32.18,32.38,32.06,32.18,775200,30.00
2011-02-18,32.32,32.37,32.14,32.36,329900,30.16
2011-02-17,32.13,32.27,31.91,32.21,451100,30.02
2011-02-16,32.01,32.14,31.92,32.08,459900,29.90
2011-02-15,31.81,32.05,31.69,31.93,464800,29.76
2011-02-14,31.65,31.88,31.58,31.86,615800,29.70
2011-02-11,31.42,31.72,31.36,31.65,718900,29.50
2011-02-10,31.33,31.53,30.99,31.51,1032600,29.37
2011-02-09,31.71,31.71,31.36,31.47,474700,29.33
2011-02-08,32.08,32.08,31.66,31.69,477200,29.54
2011-02-07,32.08,32.18,31.83,31.97,473300,29.80
2011-02-04,31.94,32.13,31.89,32.04,372300,29.87
2011-02-03,31.75,32.00,31.58,31.88,562300,29.72
2011-02-02,31.68,32.08,31.61,31.83,552400,29.67
2011-02-01,31.43,31.86,31.05,31.80,874900,29.64
2011-01-31,31.80,31.80,30.94,31.35,1237900,29.22
2011-01-28,32.51,32.79,31.94,31.97,501700,29.80
2011-01-27,32.58,32.85,32.50,32.61,747000,30.40
2011-01-26,32.71,33.12,32.60,33.07,538800,30.83
2011-01-25,32.49,32.73,32.36,32.69,584000,30.47
2011-01-24,32.28,32.81,32.27,32.64,444700,30.42
2011-01-21,32.50,32.50,32.11,32.34,331200,30.14
2011-01-20,32.43,32.73,32.29,32.36,443200,30.16
2011-01-19,32.86,32.92,32.52,32.56,623100,30.35
2011-01-18,32.60,32.89,32.56,32.86,891100,30.63
2011-01-14,32.33,32.68,32.33,32.59,440000,30.38
2011-01-13,32.30,32.44,32.10,32.44,450700,30.24
2011-01-12,32.34,32.47,32.22,32.26,290400,30.07
2011-01-11,32.13,32.13,31.84,32.12,332100,29.94
2011-01-10,31.72,32.15,31.62,31.95,664300,29.78
2011-01-07,31.89,31.98,31.58,31.79,440000,29.63
2011-01-06,31.82,31.88,31.62,31.82,257700,29.66
2011-01-05,31.64,31.92,31.57,31.79,287100,29.63
2011-01-04,31.87,31.87,31.51,31.80,468600,29.64
2011-01-03,31.88,32.07,31.74,31.79,521000,29.63
2010-12-31,31.70,32.07,31.57,31.58,368400,29.44
2010-12-30,31.89,32.09,31.77,31.78,239100,29.62
2010-12-29,31.73,32.03,31.66,31.90,362700,29.73
2010-12-28,31.61,31.71,31.47,31.63,479900,29.48
2010-12-27,31.45,31.63,31.31,31.61,294500,29.46
2010-12-23,31.38,31.68,31.27,31.54,318900,29.40
2010-12-22,31.97,31.97,31.33,31.40,632000,29.27
2010-12-21,31.75,32.12,31.75,31.99,514100,29.82
2010-12-20,31.83,31.92,31.68,31.77,287100,29.61
2010-12-17,31.84,31.84,31.52,31.75,622500,29.59
2010-12-16,31.52,31.70,31.37,31.67,483200,29.52
2010-12-15,31.91,32.04,31.39,31.39,619600,29.26
2010-12-14,31.85,32.01,31.63,31.94,519200,29.77
2010-12-13,31.88,31.88,31.64,31.72,386100,29.57
2010-12-10,31.91,32.07,31.84,31.96,555000,29.56
2010-12-09,31.91,31.99,31.64,31.90,616000,29.50
2010-12-08,32.06,32.27,31.55,31.73,971700,29.34
2010-12-07,32.36,32.49,31.98,32.09,3548300,29.68
2010-12-06,31.89,32.21,31.89,32.16,990600,29.74
2010-12-03,31.60,32.05,31.50,31.98,1249300,29.58
2010-12-02,30.39,32.01,30.38,31.76,2220700,29.37
2010-12-01,30.09,30.58,30.05,30.38,833800,28.10
2010-11-30,29.79,29.86,29.57,29.67,864000,27.44
2010-11-29,30.17,30.17,29.72,29.95,506500,27.70
2010-11-26,30.18,30.50,30.18,30.29,109800,28.01
2010-11-24,30.02,30.47,29.81,30.39,388400,28.11
2010-11-23,29.91,30.07,29.70,29.84,490900,27.60
2010-11-22,29.99,30.23,29.80,30.18,331900,27.91
2010-11-19,30.15,30.18,29.85,30.16,345500,27.89
2010-11-18,29.97,30.28,29.88,30.24,656900,27.97
2010-11-17,29.50,29.95,29.38,29.78,586200,27.54
2010-11-16,29.63,29.72,29.11,29.36,508500,27.15
2010-11-15,29.83,30.01,29.75,29.80,629200,27.56
2010-11-12,29.80,30.01,29.36,29.77,555000,27.53
2010-11-11,30.14,30.33,29.97,30.03,836200,27.77
2010-11-10,30.46,30.83,30.24,30.42,429600,28.13
2010-11-09,30.51,30.72,30.30,30.41,238900,28.12
2010-11-08,30.62,30.65,30.41,30.49,279700,28.20
2010-11-05,30.78,30.81,30.54,30.70,274000,28.39
2010-11-04,30.66,30.90,30.65,30.79,313700,28.48
2010-11-03,30.35,30.55,30.20,30.38,338600,28.10
2010-11-02,30.06,30.51,30.06,30.30,377300,28.02
2010-11-01,30.30,30.34,29.60,29.85,402400,27.61
2010-10-29,29.86,30.14,29.73,30.09,572500,27.83
2010-10-28,29.71,29.95,29.71,29.88,549000,27.63
2010-10-27,29.38,29.66,29.30,29.62,462600,27.39
2010-10-26,29.57,29.78,29.45,29.57,494600,27.35
2010-10-25,29.59,29.85,29.54,29.68,672300,27.45
2010-10-22,29.47,29.56,29.29,29.47,409700,27.25
2010-10-21,29.62,29.76,29.14,29.38,374800,27.17
2010-10-20,29.20,29.59,29.20,29.50,401700,27.28
2010-10-19,29.16,29.43,28.98,29.21,421000,27.01
2010-10-18,29.34,29.50,29.20,29.47,247000,27.25
2010-10-15,29.35,29.45,29.23,29.38,317600,27.17
2010-10-14,29.24,29.30,28.96,29.16,431500,26.97
2010-10-13,29.16,29.39,29.16,29.26,504100,27.06
2010-10-12,29.26,29.36,28.93,29.10,513200,26.91
2010-10-11,29.28,29.53,29.27,29.40,766900,27.19
2010-10-08,29.18,29.34,29.03,29.28,374300,27.08
2010-10-07,29.09,29.27,28.96,29.19,498000,27.00
2010-10-06,28.98,29.10,28.90,29.04,521000,26.86
2010-10-05,28.98,29.10,28.78,28.99,421000,26.81
2010-10-04,28.83,29.07,28.57,28.83,1161100,26.66
2010-10-01,28.88,28.96,28.63,28.82,719000,26.65
2010-09-30,28.91,29.00,28.48,28.61,1147800,26.46
2010-09-29,28.74,28.94,28.61,28.69,663700,26.53
2010-09-28,28.79,28.89,28.58,28.74,1046900,26.58
2010-09-27,28.63,28.84,28.37,28.79,496900,26.63
2010-09-24,28.33,28.67,28.24,28.66,389100,26.51
2010-09-23,27.91,28.25,27.76,27.96,310200,25.86
2010-09-22,28.09,28.35,27.90,28.14,509500,26.02
2010-09-21,28.44,28.63,28.14,28.17,591700,26.05
2010-09-20,28.00,28.41,27.96,28.38,372400,26.25
2010-09-17,28.04,28.16,27.85,27.94,587900,25.84
2010-09-16,27.87,27.98,27.63,27.81,513200,25.72
2010-09-15,28.22,28.22,27.96,28.00,634300,25.90
2010-09-14,28.65,28.70,28.25,28.26,596900,26.14
2010-09-13,28.69,28.78,28.48,28.69,753400,26.53
2010-09-10,28.25,28.60,28.11,28.54,795400,26.16
2010-09-09,28.04,28.25,27.93,28.15,487600,25.81
2010-09-08,27.80,27.93,27.65,27.72,482900,25.41
2010-09-07,27.91,28.09,27.70,27.74,461100,25.43
2010-09-03,28.00,28.13,27.78,28.05,786500,25.71
2010-09-02,28.01,28.11,27.71,27.80,936500,25.49
2010-09-01,27.85,28.25,27.77,28.00,1069100,25.67
2010-08-31,27.20,27.67,26.91,27.60,944100,25.30
2010-08-30,27.50,27.64,27.18,27.21,259000,24.94
2010-08-27,27.50,27.63,27.07,27.53,492100,25.24
2010-08-26,27.67,27.69,27.21,27.35,429300,25.07
2010-08-25,27.11,27.56,26.99,27.53,520000,25.24
2010-08-24,27.08,27.52,27.02,27.33,411800,25.05
2010-08-23,27.51,27.79,27.43,27.43,486600,25.15
2010-08-20,27.62,27.65,27.19,27.45,360100,25.16
2010-08-19,27.77,27.85,27.29,27.73,621500,25.42
2010-08-18,27.85,27.95,27.57,27.84,569300,25.52
2010-08-17,27.60,28.20,27.34,27.83,834100,25.51
2010-08-16,26.80,27.02,26.57,27.00,363700,24.75
2010-08-13,26.49,27.12,26.44,26.88,526300,24.64
2010-08-12,26.57,26.70,26.32,26.59,278700,24.38
2010-08-11,27.09,27.09,26.69,26.87,543300,24.63
2010-08-10,27.22,27.59,27.05,27.32,371200,25.05
2010-08-09,27.10,27.52,26.99,27.40,452700,25.12
2010-08-06,26.91,27.09,26.51,26.93,545000,24.69
2010-08-05,27.09,27.37,27.03,27.25,458800,24.98
2010-08-04,27.06,27.23,26.90,27.19,514200,24.93
2010-08-03,27.04,27.16,26.88,26.94,1192000,24.70
2010-08-02,27.23,27.41,27.03,27.15,830400,24.89
2010-07-30,26.85,27.18,26.68,26.96,363600,24.72
2010-07-29,27.42,27.48,26.72,27.02,787800,24.77
2010-07-28,28.28,28.28,27.15,27.32,1093200,25.05
2010-07-27,28.44,28.86,28.27,28.54,740200,26.16
2010-07-26,28.10,28.53,28.06,28.31,856000,25.95
2010-07-23,27.25,28.04,27.14,28.01,897900,25.68
2010-07-22,26.87,27.36,26.78,27.27,738300,25.00
2010-07-21,26.94,26.95,26.37,26.56,448000,24.35
2010-07-20,26.29,26.94,26.28,26.80,670200,24.57
2010-07-19,26.72,26.72,26.41,26.64,461900,24.42
2010-07-16,27.22,27.26,26.55,26.59,463000,24.38
2010-07-15,27.45,27.47,26.90,27.31,537900,25.04
2010-07-14,27.30,27.47,27.11,27.39,331900,25.11
2010-07-13,27.20,27.40,27.14,27.31,453400,25.04
2010-07-12,26.82,27.10,26.69,26.99,342500,24.74
2010-07-09,26.68,26.89,26.63,26.85,230500,24.61
2010-07-08,26.54,26.81,26.52,26.72,474300,24.50
2010-07-07,25.78,26.42,25.72,26.40,651400,24.20
2010-07-06,25.46,25.80,25.30,25.70,706500,23.56
2010-07-02,25.34,25.36,25.04,25.25,610500,23.15
2010-07-01,25.51,25.51,24.90,25.29,692800,23.18
2010-06-30,25.64,25.89,25.32,25.44,798000,23.32
2010-06-29,26.30,26.30,25.54,25.62,667100,23.49
2010-06-28,26.39,26.75,26.08,26.60,410500,24.39
2010-06-25,26.09,26.50,25.89,26.29,709900,24.10
2010-06-24,26.19,26.41,26.05,26.09,304200,23.92
2010-06-23,26.78,26.80,26.28,26.33,342200,24.14
2010-06-22,27.00,27.30,26.72,26.73,842400,24.50
2010-06-21,26.69,27.08,26.47,27.04,1255900,24.79
2010-06-18,26.61,26.68,26.37,26.50,598700,24.29
2010-06-17,26.61,26.69,26.41,26.61,395300,24.39
2010-06-16,26.36,26.70,26.34,26.61,434300,24.39
2010-06-15,26.08,26.50,26.08,26.47,607200,24.27
2010-06-14,26.26,26.35,25.93,25.95,722100,23.79
2010-06-11,25.88,26.18,25.62,26.14,627400,23.96
2010-06-10,26.39,26.67,25.94,26.24,1003000,23.83
2010-06-09,25.91,26.23,25.66,26.01,981300,23.62
2010-06-08,25.32,25.95,25.18,25.86,1289400,23.48
2010-06-07,25.50,25.76,25.36,25.36,620900,23.03
2010-06-04,25.82,26.04,25.41,25.51,660700,23.16
2010-06-03,25.83,26.20,25.83,26.13,516200,23.73
2010-06-02,25.53,25.94,25.31,25.93,535500,23.54
2010-06-01,25.95,26.03,25.37,25.38,689600,23.04
2010-05-28,25.58,26.41,25.53,26.14,850200,23.74
2010-05-27,25.39,25.69,25.23,25.67,742500,23.31
2010-05-26,25.00,25.31,24.85,24.97,634300,22.67
2010-05-25,24.76,25.03,24.30,24.95,952700,22.65
2010-05-24,25.22,25.57,25.16,25.19,469800,22.87
2010-05-21,25.09,25.42,24.92,25.39,697400,23.05
2010-05-20,25.75,25.89,25.24,25.25,699500,22.93
2010-05-19,26.31,26.47,25.86,26.15,659300,23.74
2010-05-18,27.05,27.05,26.32,26.35,759300,23.93
2010-05-17,27.00,27.07,26.26,26.90,824500,24.43
2010-05-14,27.17,27.22,26.75,26.86,546500,24.39
2010-05-13,27.07,27.48,26.92,27.28,542200,24.77
2010-05-12,27.25,27.43,27.07,27.17,931500,24.67
2010-05-11,26.89,27.42,26.75,27.14,479300,24.64
2010-05-10,27.76,27.76,26.74,27.14,894400,24.64
2010-05-07,26.42,26.83,25.91,26.47,1564600,24.03
2010-05-06,26.79,27.21,25.54,26.37,1294300,23.94
2010-05-05,26.99,27.22,26.83,26.92,689100,24.44
2010-05-04,27.50,27.64,26.82,27.14,698000,24.64
2010-05-03,27.50,27.78,27.06,27.76,673000,25.21
2010-04-30,27.52,27.87,27.44,27.49,907100,24.96
2010-04-29,27.49,27.88,27.34,27.44,718000,24.92
2010-04-28,27.03,27.41,26.97,27.34,708200,24.82
2010-04-27,27.04,27.30,27.00,27.09,1251300,24.60
2010-04-26,27.19,27.28,27.03,27.23,616100,24.72
2010-04-23,27.25,27.28,27.00,27.24,721600,24.73
2010-04-22,26.91,27.18,26.91,27.18,275700,24.68
2010-04-21,27.02,27.09,26.84,27.07,476200,24.58
2010-04-20,27.01,27.16,26.81,27.13,373300,24.63
2010-04-19,26.83,26.96,26.70,26.88,603800,24.41
2010-04-16,26.97,27.21,26.80,26.90,869000,24.43
2010-04-15,26.39,27.30,26.33,27.09,1239600,24.60
2010-04-14,26.42,26.46,26.25,26.40,777100,23.97
2010-04-13,26.64,26.67,26.22,26.39,456700,23.96
2010-04-12,26.90,26.90,26.54,26.59,488600,24.14
2010-04-09,26.48,26.85,26.30,26.84,696100,24.37
2010-04-08,26.77,26.79,26.32,26.40,474200,23.97
2010-04-07,26.71,26.88,26.60,26.88,382700,24.41
2010-04-06,26.65,26.89,26.61,26.81,274800,24.34
2010-04-05,26.71,26.80,26.60,26.78,360400,24.32
2010-04-01,26.74,26.79,26.55,26.72,335200,24.26
2010-03-31,26.57,26.75,26.43,26.54,629000,24.10
2010-03-30,26.53,26.75,26.50,26.66,503700,24.21
2010-03-29,26.24,26.53,26.11,26.49,518700,24.05
2010-03-26,25.84,26.08,25.77,26.08,515100,23.68
2010-03-25,26.40,26.42,25.84,25.84,316000,23.46
2010-03-24,26.30,26.34,26.09,26.27,473900,23.85
2010-03-23,26.32,26.48,26.20,26.40,380000,23.97
2010-03-22,26.52,26.54,26.22,26.33,578200,23.91
2010-03-19,26.31,26.95,25.00,26.52,1303800,24.08
2010-03-18,25.77,26.24,25.71,26.22,831900,23.81
2010-03-17,25.66,25.90,25.66,25.83,442700,23.45
2010-03-16,25.24,25.66,25.14,25.64,467900,23.28
2010-03-15,25.37,25.44,24.92,25.17,434100,22.85
2010-03-12,25.45,25.58,25.23,25.47,421600,23.13
2010-03-11,25.11,25.43,25.06,25.43,483200,23.09
2010-03-10,25.19,25.26,25.10,25.26,441700,22.75
2010-03-09,25.04,25.23,25.04,25.17,374000,22.67
2010-03-08,25.10,25.17,25.04,25.16,251800,22.66
2010-03-05,24.98,25.10,24.87,25.04,466800,22.56
2010-03-04,24.85,24.93,24.76,24.89,457600,22.42
2010-03-03,25.16,25.21,24.83,24.90,710500,22.43
2010-03-02,25.19,25.27,24.94,25.05,1146100,22.57
2010-03-01,25.15,25.41,25.00,25.19,526300,22.69
2010-02-26,25.25,25.30,24.86,25.05,788300,22.57
2010-02-25,24.89,25.18,24.75,25.17,626500,22.67
2010-02-24,25.07,25.12,24.80,25.11,737800,22.62
2010-02-23,25.26,25.38,25.00,25.07,987700,22.58
2010-02-22,25.59,25.60,25.33,25.37,285000,22.85
2010-02-19,25.27,25.66,25.18,25.46,409700,22.93
2010-02-18,25.40,25.48,25.21,25.24,611400,22.74
2010-02-17,25.25,25.35,25.04,25.35,504000,22.84
2010-02-16,24.80,25.15,24.80,25.12,655800,22.63
2010-02-12,24.30,24.62,24.22,24.62,959600,22.18
2010-02-11,24.25,24.48,24.07,24.44,463600,22.02
2010-02-10,24.25,24.38,24.00,24.22,640600,21.82
2010-02-09,24.41,24.48,24.14,24.25,613900,21.84
2010-02-08,24.60,24.78,24.23,24.23,643400,21.83
2010-02-05,24.45,24.74,24.28,24.70,1492100,22.25
2010-02-04,24.46,24.64,24.43,24.46,1209100,22.03
2010-02-03,24.75,24.75,24.46,24.53,646600,22.10
2010-02-02,24.60,24.80,24.38,24.80,762500,22.34
2010-02-01,24.63,24.64,24.42,24.52,875800,22.09
2010-01-29,25.03,25.07,24.47,24.51,1379500,22.08
2010-01-28,24.86,25.13,24.68,25.01,955200,22.53
2010-01-27,24.83,25.04,24.30,24.76,1346600,22.30
2010-01-26,25.23,25.29,24.98,25.07,940800,22.58
2010-01-25,25.21,25.30,24.94,25.20,719300,22.70
2010-01-22,25.22,25.22,24.85,25.00,1076400,22.52
2010-01-21,25.17,25.48,24.24,25.15,2104800,22.66
2010-01-20,24.38,24.59,24.10,24.54,864600,22.11
2010-01-19,24.32,24.66,24.12,24.58,478800,22.14
2010-01-15,24.29,24.35,24.05,24.25,573600,21.84
2010-01-14,24.18,24.38,24.16,24.35,678900,21.93
2010-01-13,24.25,24.31,24.05,24.29,691700,21.88
2010-01-12,23.91,24.30,23.83,24.27,1282800,21.86
2010-01-11,24.15,24.18,23.89,24.01,980000,21.63
2010-01-08,24.10,24.11,23.87,24.01,763900,21.63
2010-01-07,24.31,24.35,23.94,24.10,851500,21.71
2010-01-06,24.40,24.54,24.26,24.34,819900,21.93
2010-01-05,24.56,24.72,24.11,24.30,847700,21.89
2010-01-04,24.29,24.60,24.29,24.60,851400,22.16
2009-12-31,24.66,24.68,24.19,24.19,825000,21.79
2009-12-30,24.82,25.07,24.52,24.67,865500,22.22
2009-12-29,24.88,24.95,24.65,24.81,761400,22.35
2009-12-28,25.07,25.07,24.72,24.81,558100,22.35
2009-12-24,24.98,25.06,24.84,25.05,166600,22.57
2009-12-23,24.48,24.89,24.48,24.87,659600,22.40
2009-12-22,24.62,24.75,24.42,24.54,945800,22.11
2009-12-21,24.69,24.91,24.56,24.58,646700,22.14
2009-12-18,24.70,24.98,24.49,24.50,1117600,22.07
2009-12-17,24.91,24.93,24.60,24.66,597600,22.21
2009-12-16,24.95,25.13,24.79,24.99,816100,22.51
2009-12-15,24.54,24.77,24.40,24.76,975600,22.30
2009-12-14,24.78,24.91,24.52,24.56,859000,22.12
2009-12-11,23.94,24.48,23.91,24.33,889900,21.92
2009-12-10,23.91,24.15,23.87,24.03,531400,21.47
2009-12-09,23.94,23.94,23.61,23.75,825600,21.22
2009-12-08,23.76,23.95,23.52,23.89,534400,21.34
2009-12-07,23.62,23.90,23.40,23.85,473200,21.31
2009-12-04,23.76,23.79,23.32,23.59,779700,21.07
2009-12-03,23.58,23.68,23.35,23.45,706700,20.95
2009-12-02,23.65,23.82,23.18,23.58,1339200,21.06
2009-12-01,23.67,23.94,23.59,23.64,546600,21.12
2009-11-30,23.51,23.60,23.35,23.48,897300,20.97
2009-11-27,23.28,23.74,23.28,23.53,148100,21.02
2009-11-25,23.66,23.89,23.59,23.89,314400,21.34
2009-11-24,23.53,23.60,23.26,23.57,378100,21.06
2009-11-23,23.60,23.88,23.39,23.53,396600,21.02
2009-11-20,23.44,23.57,23.20,23.36,338700,20.87
2009-11-19,23.75,23.90,23.25,23.55,492100,21.04
2009-11-18,24.25,24.25,23.87,23.92,341100,21.37
2009-11-17,23.98,24.24,23.69,24.24,500900,21.65
2009-11-16,23.70,24.00,23.67,23.95,389300,21.39
2009-11-13,23.62,23.69,23.48,23.64,409000,21.12
2009-11-12,24.08,24.26,23.60,23.63,441900,21.11
2009-11-11,24.16,24.36,23.95,24.20,557400,21.62
2009-11-10,24.40,24.48,24.03,24.07,986200,21.50
2009-11-09,24.21,24.55,24.03,24.55,380500,21.93
2009-11-06,24.20,24.39,24.03,24.14,278900,21.56
2009-11-05,24.06,24.36,23.95,24.36,315600,21.76
2009-11-04,23.95,24.19,23.84,23.93,432400,21.38
2009-11-03,23.67,23.91,23.56,23.84,403500,21.30
2009-11-02,23.98,24.03,23.69,23.81,628600,21.27
2009-10-30,24.32,24.45,23.87,23.88,723600,21.33
2009-10-29,24.29,24.55,24.06,24.38,764300,21.78
2009-10-28,24.90,24.97,24.33,24.34,794900,21.74
2009-10-27,24.88,25.19,24.68,24.79,680600,22.15
2009-10-26,25.14,25.53,24.75,24.84,596200,22.19
2009-10-23,25.42,25.50,25.06,25.21,474300,22.52
2009-10-22,25.17,25.58,25.17,25.44,508800,22.73
2009-10-21,25.24,25.65,25.13,25.26,683000,22.57
2009-10-20,25.31,25.49,24.91,25.32,568900,22.62
2009-10-19,24.71,25.39,24.61,25.35,493500,22.65
2009-10-16,24.84,24.96,24.64,24.72,423500,22.08
2009-10-15,24.66,25.00,24.51,24.93,501200,22.27
2009-10-14,24.75,24.95,24.37,24.70,417400,22.06
2009-10-13,24.92,24.98,24.49,24.63,413300,22.00
2009-10-12,24.93,24.97,24.64,24.88,567700,22.23
2009-10-09,24.59,24.89,24.59,24.81,214700,22.16
2009-10-08,24.62,24.73,24.47,24.67,651900,22.04
2009-10-07,24.75,24.76,24.55,24.61,355200,21.98
2009-10-06,25.02,25.13,24.71,24.83,467000,22.18
2009-10-05,24.50,24.91,24.25,24.87,528400,22.22
2009-10-02,24.77,25.03,24.46,24.50,465400,21.89
2009-10-01,25.14,25.23,24.74,24.89,378600,22.23
2009-09-30,25.34,25.44,24.94,25.06,621500,22.39
2009-09-29,25.30,25.55,25.12,25.39,540900,22.68
2009-09-28,25.22,25.33,25.08,25.22,361300,22.53
2009-09-25,25.25,25.33,25.08,25.11,412800,22.43
2009-09-24,25.20,25.43,25.18,25.18,279700,22.49
2009-09-23,25.55,25.60,25.15,25.22,506200,22.53
2009-09-22,25.72,25.81,25.47,25.54,430200,22.82
2009-09-21,25.61,25.69,25.38,25.64,582700,22.90
2009-09-18,25.94,26.02,25.35,25.78,565500,23.03
2009-09-17,26.12,26.26,25.96,26.02,303400,23.24
2009-09-16,26.25,26.37,25.98,26.09,454200,23.31
2009-09-15,25.73,26.26,25.64,26.20,717300,23.40
2009-09-14,25.38,25.80,25.28,25.62,492900,22.89
2009-09-11,25.85,25.85,25.32,25.50,711600,22.78
2009-09-10,25.72,25.94,25.54,25.94,380200,22.99
2009-09-09,25.91,25.93,25.59,25.76,304300,22.83
2009-09-08,25.58,25.94,25.51,25.92,307000,22.98
2009-09-04,25.58,25.74,25.46,25.55,276900,22.65
2009-09-03,25.51,25.66,25.19,25.65,411700,22.74
2009-09-02,25.30,25.55,25.08,25.48,435700,22.59
2009-09-01,25.28,25.54,24.32,25.26,596400,22.39
2009-08-31,25.77,25.95,25.29,25.51,512900,22.61
2009-08-28,26.29,26.29,25.79,25.91,481300,22.97
2009-08-27,26.42,26.42,26.03,26.19,400400,23.22
2009-08-26,26.61,26.72,26.37,26.39,359100,23.39
2009-08-25,26.74,26.79,26.63,26.67,357800,23.64
2009-08-24,26.69,26.76,26.56,26.74,428600,23.70
2009-08-21,26.51,26.75,26.50,26.73,277200,23.69
2009-08-20,26.15,26.45,25.95,26.42,336500,23.42
2009-08-19,25.86,26.21,25.84,26.19,244800,23.22
2009-08-18,26.17,26.17,25.83,26.05,315400,23.09
2009-08-17,26.05,26.41,26.00,26.16,309700,23.19
2009-08-14,26.51,26.64,26.09,26.32,425900,23.33
2009-08-13,26.56,26.63,26.32,26.51,287400,23.50
2009-08-12,26.41,26.75,26.35,26.55,572200,23.53
2009-08-11,26.65,26.65,26.27,26.38,450000,23.38
2009-08-10,26.34,26.80,25.86,26.73,543900,23.69
2009-08-07,26.24,26.73,25.94,26.55,541100,23.53
2009-08-06,26.00,26.33,25.30,26.18,1386100,23.21
2009-08-05,26.28,26.47,25.94,26.10,657900,23.14
2009-08-04,26.53,26.65,26.27,26.33,440500,23.34
2009-08-03,26.90,26.98,26.46,26.69,680200,23.66
2009-07-31,26.66,26.74,26.44,26.44,491000,23.44
2009-07-30,26.89,26.89,26.39,26.66,638400,23.63
2009-07-29,26.74,26.98,25.85,26.78,539800,23.74
2009-07-28,26.72,26.89,26.49,26.75,480500,23.71
2009-07-27,26.91,26.99,26.64,26.74,443800,23.70
2009-07-24,26.39,26.93,26.13,26.88,408000,23.83
2009-07-23,25.78,26.70,25.71,26.39,385100,23.39
2009-07-22,25.67,25.95,25.67,25.78,351700,22.85
2009-07-21,25.86,26.05,25.68,25.84,437200,22.91
2009-07-20,25.97,25.97,25.44,25.66,725400,22.75
2009-07-17,25.69,26.01,25.59,25.74,456400,22.82
2009-07-16,25.58,25.81,25.42,25.76,326700,22.83
2009-07-15,25.49,25.60,25.22,25.56,353700,22.66
2009-07-14,25.09,25.37,24.93,25.20,557900,22.34
2009-07-13,25.13,25.32,24.80,25.17,735300,22.31
2009-07-10,25.13,25.23,24.83,25.00,447900,22.16
2009-07-09,25.16,25.38,24.77,25.19,483000,22.33
2009-07-08,25.29,25.38,24.86,25.10,386500,22.25
2009-07-07,25.71,25.76,25.17,25.18,411800,22.32
2009-07-06,25.27,25.75,25.02,25.68,440700,22.76
2009-07-02,25.47,25.47,25.09,25.24,528000,22.37
2009-07-01,25.61,26.04,25.44,25.75,497600,22.83
2009-06-30,25.91,25.97,25.28,25.49,823200,22.59
2009-06-29,25.57,26.04,25.40,25.95,438000,23.00
2009-06-26,25.38,25.63,24.99,25.63,607500,22.72
2009-06-25,25.03,25.67,24.86,25.40,530800,22.52
2009-06-24,25.17,25.25,24.94,25.06,427200,22.21
2009-06-23,25.43,25.57,24.92,25.00,486700,22.16
2009-06-22,25.13,25.62,24.96,25.42,477900,22.53
2009-06-19,25.72,25.72,25.19,25.31,660900,22.44
2009-06-18,25.28,25.56,25.19,25.52,568600,22.62
2009-06-17,24.96,25.45,24.96,25.27,488400,22.40
2009-06-16,25.26,25.27,24.91,25.03,409200,22.19
2009-06-15,25.21,25.34,24.86,25.07,443900,22.22
2009-06-12,25.16,25.65,24.78,25.45,465900,22.56
2009-06-11,25.06,25.48,24.81,25.20,455900,22.34
2009-06-10,25.04,25.11,24.64,24.97,748200,21.96
2009-06-09,25.35,25.43,24.89,24.99,909200,21.97
2009-06-08,25.09,25.55,25.03,25.34,762900,22.28
2009-06-05,25.14,25.29,24.81,25.20,679700,22.16
2009-06-04,24.82,25.00,24.73,24.95,1110300,21.94
2009-06-03,24.79,25.06,24.57,24.75,570300,21.76
2009-06-02,24.77,24.99,24.46,24.93,995000,21.92
2009-06-01,24.47,24.83,24.29,24.79,825000,21.80
2009-05-29,24.21,24.50,24.00,24.11,866200,21.20
2009-05-28,23.86,24.44,23.80,24.26,766300,21.33
2009-05-27,23.98,24.20,23.72,23.72,663500,20.86
2009-05-26,23.28,24.22,23.20,23.98,707000,21.09
2009-05-22,23.52,23.58,23.24,23.24,632900,20.44
2009-05-21,23.27,23.55,23.27,23.45,927400,20.62
2009-05-20,23.27,23.57,23.15,23.45,1565100,20.62
2009-05-19,22.70,23.20,22.60,23.13,1026100,20.34
2009-05-18,22.27,22.65,22.12,22.63,1014500,19.90
2009-05-15,22.51,22.54,22.11,22.11,519000,19.44
2009-05-14,22.71,22.77,22.30,22.62,820600,19.89
2009-05-13,22.66,22.90,22.49,22.55,1083400,19.83
2009-05-12,23.08,23.15,22.82,22.86,837200,20.10
2009-05-11,22.74,23.17,22.74,22.98,1210400,20.21
2009-05-08,23.22,23.35,22.85,22.96,726900,20.19
2009-05-07,23.25,23.36,23.00,23.02,645100,20.24
2009-05-06,23.43,23.55,23.04,23.12,690800,20.33
2009-05-05,23.98,23.98,23.13,23.19,867800,20.39
2009-05-04,23.63,24.20,23.55,23.97,990800,21.08
2009-05-01,22.73,23.63,22.65,23.63,1064000,20.78
2009-04-30,23.35,23.37,22.76,22.94,853500,20.17
2009-04-29,22.98,23.17,22.86,23.00,1193900,20.22
2009-04-28,22.84,23.03,22.65,22.90,976900,20.14
2009-04-27,22.33,23.02,22.33,22.85,1190200,20.09
2009-04-24,22.78,22.95,22.40,22.54,966600,19.82
2009-04-23,22.91,22.91,22.42,22.67,590000,19.93
2009-04-22,22.80,23.03,22.60,22.82,802100,20.07
2009-04-21,23.00,23.16,22.68,22.87,656500,20.11
2009-04-20,22.66,23.00,22.63,22.90,619900,20.14
2009-04-17,23.12,23.26,22.79,22.97,757500,20.20
2009-04-16,23.05,23.25,22.83,23.06,611300,20.28
2009-04-15,22.60,22.87,22.60,22.80,598900,20.05
2009-04-14,22.75,22.89,22.61,22.66,474900,19.93
2009-04-13,23.00,23.09,22.44,22.93,800500,20.16
2009-04-09,23.42,23.57,22.87,23.03,727300,20.25
2009-04-08,22.88,23.15,22.76,23.06,709000,20.28
2009-04-07,22.79,23.03,22.67,22.73,615100,19.99
2009-04-06,23.03,23.37,22.87,23.01,654900,20.23
2009-04-03,23.43,23.60,23.03,23.23,699700,20.43
2009-04-02,23.83,24.23,23.31,23.50,976900,20.66
2009-04-01,23.35,23.64,23.03,23.49,982500,20.66
2009-03-31,23.63,23.87,23.48,23.61,2007600,20.76
2009-03-30,23.00,23.70,22.90,23.70,1074300,20.84
2009-03-27,23.60,23.69,23.32,23.36,694100,20.54
2009-03-26,23.74,23.99,23.45,23.78,1119600,20.91
2009-03-25,23.41,23.93,23.20,23.60,948300,20.75
2009-03-24,23.38,23.69,23.27,23.42,749200,20.59
2009-03-23,23.29,23.68,22.96,23.60,803300,20.75
2009-03-20,23.46,23.76,22.89,22.91,1012600,20.15
2009-03-19,23.34,23.59,22.87,23.42,601700,20.59
2009-03-18,23.08,23.39,22.68,23.07,1172100,20.29
2009-03-17,22.64,23.08,22.40,23.06,620700,20.28
2009-03-16,22.88,23.14,22.55,22.59,952300,19.86
2009-03-13,22.42,22.84,22.36,22.76,787300,20.01
2009-03-12,22.13,22.44,21.76,22.33,967600,19.64
2009-03-11,22.13,22.30,21.96,22.03,1421500,19.20
2009-03-10,21.67,22.00,21.42,21.99,980800,19.17
2009-03-09,21.65,21.76,21.14,21.31,917400,18.57
2009-03-06,22.00,22.33,21.24,21.77,1087000,18.98
2009-03-05,22.75,23.01,21.65,21.84,1089600,19.04
2009-03-04,22.91,23.34,22.65,23.14,1002000,20.17
2009-03-03,23.51,23.68,22.52,22.65,993300,19.74
2009-03-02,23.69,23.93,23.08,23.25,1027900,20.27
2009-02-27,24.13,24.74,23.65,23.99,2409200,20.91
2009-02-26,24.49,24.60,24.17,24.37,1213300,21.24
2009-02-25,24.05,24.50,23.91,24.20,1077700,21.09
2009-02-24,23.97,24.31,23.78,24.09,782300,21.00
2009-02-23,24.61,24.81,23.71,23.85,703300,20.79
2009-02-20,24.75,24.95,23.85,24.50,1208300,21.35
2009-02-19,24.83,25.20,24.70,25.00,892600,21.79
2009-02-18,25.37,25.39,24.66,24.82,1017000,21.63
2009-02-17,23.72,25.66,23.72,25.25,1490700,22.01
2009-02-13,26.24,26.35,25.87,26.01,631200,22.67
2009-02-12,26.04,26.26,25.54,26.26,937600,22.89
2009-02-11,26.66,26.75,26.04,26.10,992900,22.75
2009-02-10,26.86,27.38,26.34,26.49,1113600,23.09
2009-02-09,26.91,27.36,26.68,27.23,820800,23.73
2009-02-06,26.40,27.13,26.09,26.91,792300,23.46
2009-02-05,26.00,26.65,25.97,26.52,546900,23.12
2009-02-04,26.13,26.37,25.76,26.21,874700,22.85
2009-02-03,26.15,26.23,25.80,26.10,903400,22.75
2009-02-02,25.00,26.07,24.85,25.98,1036900,22.64
2009-01-30,25.47,26.00,25.23,25.37,762000,22.11
2009-01-29,25.05,25.83,24.89,25.56,632900,22.28
2009-01-28,25.89,26.48,24.89,25.12,959200,21.90
2009-01-27,24.89,25.22,24.58,25.04,717000,21.83
2009-01-26,24.26,24.92,24.24,24.78,592300,21.60
2009-01-23,24.02,24.45,23.82,24.33,534100,21.21
2009-01-22,24.12,24.55,23.85,24.35,652300,21.22
2009-01-21,24.20,24.60,23.71,24.56,591500,21.41
2009-01-20,24.57,24.88,23.96,23.97,630400,20.89
2009-01-16,24.29,24.87,24.29,24.75,793000,21.57
2009-01-15,23.95,24.19,23.51,24.03,781100,20.94
2009-01-14,23.86,24.39,23.64,24.04,689500,20.95
2009-01-13,24.25,24.30,23.89,24.18,481200,21.08
2009-01-12,24.20,24.34,23.92,24.23,364600,21.12
2009-01-09,24.16,24.30,23.66,24.04,524000,20.95
2009-01-08,24.18,24.57,23.98,24.37,547900,21.24
2009-01-07,24.21,24.62,23.97,24.29,1038700,21.17
2009-01-06,25.01,25.14,24.32,24.37,829500,21.24
2009-01-05,24.60,24.98,24.31,24.98,702400,21.77
2009-01-02,24.50,24.79,24.32,24.71,354700,21.54
2008-12-31,24.09,24.50,24.00,24.42,583800,21.28
2008-12-30,23.56,24.00,23.44,24.00,472600,20.92
2008-12-29,23.47,23.62,22.75,23.34,582800,20.34
2008-12-26,23.35,23.54,23.28,23.52,209200,20.50
2008-12-24,23.15,23.46,22.90,23.35,278500,20.35
2008-12-23,23.73,23.89,23.07,23.12,608600,20.15
2008-12-22,23.48,23.61,22.93,23.61,584000,20.58
2008-12-19,23.98,24.20,23.29,23.45,1098900,20.44
2008-12-18,23.60,23.94,23.38,23.83,725200,20.77
2008-12-17,23.74,23.96,23.48,23.59,792600,20.56
2008-12-16,23.62,24.11,23.46,24.06,1205700,20.97
2008-12-15,23.59,23.78,23.08,23.47,702600,20.46
2008-12-12,22.85,23.59,22.56,23.47,966700,20.46
2008-12-11,23.31,23.90,22.77,23.04,901500,20.08
2008-12-10,23.30,23.82,23.08,23.58,1204900,20.38
2008-12-09,22.88,23.64,22.76,23.10,998400,19.97
2008-12-08,23.46,24.00,22.68,22.91,835100,19.81
2008-12-05,21.43,23.10,21.30,23.03,984500,19.91
2008-12-04,22.57,22.57,21.30,21.76,777000,18.81
2008-12-03,22.15,23.11,22.04,22.89,954500,19.79
2008-12-02,22.29,22.70,21.77,22.49,794100,19.44
2008-12-01,22.81,23.36,21.96,22.00,717500,19.02
2008-11-28,22.98,23.45,22.76,23.36,347700,20.19
2008-11-26,23.17,23.26,22.49,23.06,779300,19.94
2008-11-25,23.69,23.87,22.77,23.29,895200,20.13
2008-11-24,23.69,23.79,22.69,23.29,860400,20.13
2008-11-21,22.14,23.47,21.43,23.45,1163000,20.27
2008-11-20,22.46,23.18,21.54,21.67,998200,18.73
2008-11-19,23.47,23.89,22.76,22.97,1064000,19.86
2008-11-18,23.24,23.94,22.31,23.23,944300,20.08
2008-11-17,22.85,24.08,22.76,23.26,772500,20.11
2008-11-14,23.52,24.00,22.60,23.01,908300,19.89
2008-11-13,22.20,23.93,22.03,23.85,938200,20.62
2008-11-12,22.59,22.82,21.70,22.01,798500,19.03
2008-11-11,22.40,23.51,22.05,23.01,912200,19.89
2008-11-10,23.47,24.00,23.44,23.86,566700,20.63
2008-11-07,23.11,23.80,22.93,23.49,597300,20.31
2008-11-06,23.14,23.55,22.75,22.88,723200,19.78
2008-11-05,23.36,24.06,23.06,23.16,559300,20.02
2008-11-04,24.25,24.48,23.44,23.82,481500,20.59
2008-11-03,23.78,24.46,23.70,23.80,508100,20.57
2008-10-31,23.38,23.99,22.99,23.87,882600,20.64
2008-10-30,22.99,23.50,22.34,23.50,648900,20.32
2008-10-29,22.59,23.23,22.17,22.53,622400,19.48
2008-10-28,21.31,22.53,20.66,22.53,604700,19.48
2008-10-27,21.94,22.17,20.85,20.85,736000,18.02
2008-10-24,21.33,22.73,20.39,22.41,797600,19.37
2008-10-23,22.10,23.27,21.83,22.90,1185000,19.80
2008-10-22,22.32,22.64,21.42,21.96,716800,18.98
2008-10-21,23.10,23.77,22.75,22.91,728200,19.81
2008-10-20,21.79,23.52,21.52,23.40,636000,20.23
2008-10-17,22.36,22.41,21.45,21.58,998600,18.66
2008-10-16,21.02,22.63,20.35,22.61,1311700,19.55
2008-10-15,22.40,23.58,21.01,21.01,763500,18.16
2008-10-14,23.14,23.63,21.93,22.60,1067700,19.54
2008-10-13,20.33,22.90,20.28,22.90,753700,19.80
2008-10-10,20.29,20.93,18.69,19.93,1328100,17.23
2008-10-09,22.89,23.16,20.89,20.89,844400,18.06
2008-10-08,23.58,23.74,22.41,22.88,1040900,19.78
2008-10-07,25.96,25.96,23.99,24.00,959200,20.75
2008-10-06,25.36,25.70,23.88,25.62,1272800,22.15
2008-10-03,26.07,26.68,25.71,25.71,1184100,22.23
2008-10-02,26.06,26.07,25.35,25.89,924400,22.38
2008-10-01,25.80,26.35,25.49,26.35,10478000,22.78
2008-09-30,25.17,25.85,24.93,25.78,913000,22.29
2008-09-29,25.76,25.82,24.81,25.17,586800,21.76
2008-09-26,25.58,26.05,25.13,25.95,326700,22.43
2008-09-25,25.54,25.98,25.28,25.87,388800,22.36
2008-09-24,26.01,26.13,25.29,25.52,286300,22.06
2008-09-23,26.00,26.35,25.48,25.76,275500,22.27
2008-09-22,26.23,26.50,25.86,26.15,406400,22.61
2008-09-19,27.04,27.04,24.35,26.19,662800,22.64
2008-09-18,26.11,26.21,25.19,25.96,793900,22.44
2008-09-17,26.90,26.90,25.91,26.01,640300,22.49
2008-09-16,26.23,27.21,25.69,27.12,684300,23.44
2008-09-15,27.13,27.29,26.39,26.67,270100,23.06
2008-09-12,26.79,27.47,26.77,27.36,323000,23.65
2008-09-11,26.81,27.11,26.50,26.89,269200,23.25
2008-09-10,26.85,27.16,26.75,27.01,291100,23.18
2008-09-09,27.36,27.36,26.72,26.77,576400,22.98
2008-09-08,27.50,27.74,27.22,27.47,349200,23.58
2008-09-05,27.15,27.37,26.82,27.29,409800,23.42
2008-09-04,27.54,27.65,27.16,27.29,435500,23.42
2008-09-03,27.68,27.76,27.34,27.51,457900,23.61
2008-09-02,27.49,27.94,27.14,27.58,603800,23.67
2008-08-29,27.64,27.75,27.38,27.50,337000,23.60
2008-08-28,27.73,27.85,27.41,27.52,524200,23.62
2008-08-27,27.49,27.94,27.34,27.77,292600,23.84
2008-08-26,27.36,27.69,27.29,27.38,540000,23.50
2008-08-25,27.57,27.73,27.25,27.46,358900,23.57
2008-08-22,27.41,27.54,27.31,27.47,260500,23.58
2008-08-21,27.43,27.65,27.39,27.44,398800,23.55
2008-08-20,27.49,27.65,27.08,27.39,212800,23.51
2008-08-19,27.17,27.41,27.17,27.36,428400,23.48
2008-08-18,27.07,27.57,27.07,27.35,395400,23.47
2008-08-15,27.29,27.30,26.89,26.96,284000,23.14
2008-08-14,27.30,27.30,26.93,27.06,285400,23.23
2008-08-13,27.15,27.35,27.01,27.26,360800,23.40
2008-08-12,26.62,27.24,26.53,27.06,612800,23.23
2008-08-11,25.99,26.61,25.99,26.48,561600,22.73
2008-08-08,26.14,26.19,25.93,26.13,551500,22.43
2008-08-07,26.50,26.64,26.13,26.26,395800,22.54
2008-08-06,26.80,27.00,26.44,26.57,300000,22.81
2008-08-05,26.30,26.92,26.22,26.91,336800,23.10
2008-08-04,26.20,26.52,26.12,26.36,329800,22.62
2008-08-01,26.98,27.28,26.19,26.25,473400,22.53
2008-07-31,26.99,27.40,26.58,27.06,410900,23.23
2008-07-30,25.77,27.48,25.77,27.38,287900,23.50
2008-07-29,26.58,26.84,26.37,26.49,249300,22.74
2008-07-28,26.27,26.66,26.27,26.58,340000,22.81
2008-07-25,26.47,26.78,26.30,26.42,327500,22.68
2008-07-24,25.70,27.04,24.87,26.55,412900,22.79
2008-07-23,27.00,27.06,26.45,26.56,446300,22.80
2008-07-22,26.06,26.99,26.01,26.93,553400,23.11
2008-07-21,26.38,26.61,26.17,26.32,400500,22.59
2008-07-18,25.49,26.87,25.49,26.17,388800,22.46
2008-07-17,26.76,26.76,26.08,26.34,381700,22.61
2008-07-16,27.05,27.30,26.57,26.69,228200,22.91
2008-07-15,27.19,27.55,26.87,27.11,348900,23.27
2008-07-14,27.34,27.53,27.09,27.22,591500,23.36
2008-07-11,26.95,27.41,26.76,27.30,358500,23.43
2008-07-10,27.11,27.30,26.93,27.13,339800,23.29
2008-07-09,26.82,27.32,26.74,27.20,426400,23.35
2008-07-08,26.68,26.90,26.38,26.83,410600,23.03
2008-07-07,27.09,27.27,26.51,26.78,430400,22.99
2008-07-03,27.90,27.98,26.92,26.97,423400,23.15
2008-07-02,28.24,28.47,27.74,27.79,429000,23.85
2008-07-01,28.58,28.64,28.05,28.23,618200,24.23
2008-06-30,28.02,28.83,27.67,28.71,631000,24.64
2008-06-27,28.06,28.55,27.56,27.79,715100,23.85
2008-06-26,28.03,28.87,27.93,28.22,781900,24.22
2008-06-25,27.59,28.21,27.53,28.10,474600,24.12
2008-06-24,28.47,28.47,27.48,27.48,772000,23.59
2008-06-23,27.80,28.53,27.77,28.44,448400,24.41
2008-06-20,28.07,28.42,27.65,27.77,567700,23.84
2008-06-19,28.03,28.24,28.02,28.17,323700,24.18
2008-06-18,28.02,28.13,27.69,27.90,734800,23.95
2008-06-17,27.98,28.25,27.93,28.02,551800,24.05
2008-06-16,26.85,27.95,26.85,27.93,367200,23.97
2008-06-13,27.01,27.37,26.96,27.06,294700,23.23
2008-06-12,26.58,26.97,26.42,26.83,401800,23.03
2008-06-11,26.73,27.01,26.58,26.58,420400,22.65
2008-06-10,26.51,26.84,26.35,26.74,595800,22.78
2008-06-09,26.70,26.81,26.60,26.60,175100,22.67
2008-06-06,26.90,26.95,26.56,26.61,173100,22.67
2008-06-05,27.02,27.02,26.72,26.97,225500,22.98
2008-06-04,26.55,26.84,26.50,26.74,155100,22.78
2008-06-03,26.63,26.73,26.50,26.50,286000,22.58
2008-06-02,26.95,26.98,26.46,26.63,277700,22.69
2008-05-30,26.75,26.99,26.68,26.98,487800,22.99
2008-05-29,26.82,27.08,26.73,26.79,274800,22.83
2008-05-28,26.86,26.91,26.74,26.80,203500,22.84
2008-05-27,26.23,26.80,26.23,26.74,224400,22.78
2008-05-23,26.66,26.75,26.27,26.28,210200,22.39
2008-05-22,26.78,26.98,26.61,26.66,193000,22.72
2008-05-21,26.58,27.01,26.57,26.73,204400,22.78
2008-05-20,26.53,26.91,26.50,26.56,185300,22.63
2008-05-19,26.69,26.75,26.63,26.73,159100,22.78
2008-05-16,26.60,26.77,26.60,26.72,143300,22.77
2008-05-15,26.51,26.75,26.46,26.66,252800,22.72
2008-05-14,26.38,26.58,26.38,26.45,220600,22.54
2008-05-13,26.29,26.48,26.19,26.48,296400,22.56
2008-05-12,26.20,26.37,26.13,26.32,141500,22.43
2008-05-09,25.97,26.18,25.97,26.13,218700,22.26
2008-05-08,25.98,26.24,25.86,26.10,345200,22.24
2008-05-07,26.11,26.32,25.95,26.10,344200,22.24
2008-05-06,26.03,26.17,26.00,26.00,318100,22.15
2008-05-05,26.21,26.38,25.97,26.04,485300,22.19
2008-05-02,26.06,26.38,26.03,26.21,303800,22.33
2008-05-01,26.14,26.19,25.99,26.03,319300,22.18
2008-04-30,25.17,26.45,25.17,26.00,433900,22.15
2008-04-29,26.52,26.68,26.21,26.25,306200,22.37
2008-04-28,26.61,26.61,26.27,26.52,222000,22.60
2008-04-25,26.65,26.65,26.41,26.47,184200,22.55
2008-04-24,26.40,26.67,26.13,26.54,201700,22.61
2008-04-23,26.17,26.48,26.10,26.37,214600,22.47
2008-04-22,26.55,26.55,26.18,26.25,230900,22.37
2008-04-21,26.90,27.22,26.47,26.52,299200,22.60
2008-04-18,27.04,27.20,26.74,27.07,223000,23.07
2008-04-17,26.85,26.97,26.67,26.82,186500,22.85
2008-04-16,26.14,26.95,26.10,26.95,336500,22.96
2008-04-15,25.75,26.11,25.75,26.07,323900,22.21
2008-04-14,25.25,25.72,25.25,25.72,503300,21.92
2008-04-11,25.34,25.37,25.11,25.25,255300,21.51
2008-04-10,25.72,25.76,25.44,25.47,260900,21.70
2008-04-09,25.84,25.99,25.63,25.70,216600,21.90
2008-04-08,25.55,25.91,25.55,25.91,276700,22.08
2008-04-07,25.41,25.87,25.41,25.72,261300,21.92
2008-04-04,25.38,25.71,25.30,25.31,320400,21.57
2008-04-03,25.62,25.78,25.33,25.43,285000,21.67
2008-04-02,25.61,25.82,25.43,25.65,436600,21.86
2008-04-01,25.08,25.64,25.02,25.57,316600,21.79
2008-03-31,24.80,25.00,24.62,24.92,503600,21.23
2008-03-28,24.82,24.94,24.69,24.75,317100,21.09
2008-03-27,25.27,25.39,24.80,24.81,377300,21.14
2008-03-26,24.82,25.13,24.69,25.11,387900,21.40
2008-03-25,24.83,25.17,24.82,24.95,537300,21.26
2008-03-24,25.12,25.16,24.71,24.73,489800,21.07
2008-03-20,24.89,25.11,24.74,25.10,415600,21.39
2008-03-19,25.37,25.48,24.74,24.79,389900,21.12
2008-03-18,24.88,25.39,24.86,25.31,451200,21.57
2008-03-17,25.07,25.09,24.41,24.67,544800,21.02
2008-03-14,25.56,25.68,25.06,25.22,421000,21.49
2008-03-13,25.29,25.73,25.26,25.55,322900,21.77
2008-03-12,25.65,25.83,25.36,25.36,440600,21.61
2008-03-11,26.26,26.26,25.47,25.73,468200,21.77
2008-03-10,25.84,26.08,25.65,25.76,382300,21.79
2008-03-07,25.79,26.08,25.58,25.89,426700,21.90
2008-03-06,26.35,26.43,25.85,25.97,283400,21.97
2008-03-05,26.21,26.42,26.07,26.38,384100,22.32
2008-03-04,25.87,26.30,25.82,26.30,599300,22.25
2008-03-03,25.75,26.01,25.57,25.95,462900,21.95
2008-02-29,26.73,26.73,25.56,25.61,743400,21.66
2008-02-28,26.68,27.00,26.59,26.85,409200,22.71
2008-02-27,26.90,26.98,26.68,26.74,351400,22.62
2008-02-26,26.59,27.05,26.40,26.91,2355100,22.76
2008-02-25,26.40,26.69,26.35,26.61,515100,22.51
2008-02-22,26.40,26.48,26.05,26.48,563700,22.40
2008-02-21,26.66,26.73,26.22,26.33,378600,22.27
2008-02-20,26.43,26.80,26.25,26.76,499100,22.64
2008-02-19,26.65,26.75,26.41,26.50,297000,22.42
2008-02-15,26.47,26.50,26.22,26.36,325900,22.30
2008-02-14,26.75,26.80,26.51,26.61,330000,22.51
2008-02-13,26.68,26.80,26.54,26.74,506100,22.62
2008-02-12,26.33,26.73,26.25,26.59,377800,22.49
2008-02-11,26.00,26.34,25.89,26.30,431000,22.25
2008-02-08,25.80,26.13,25.71,26.04,982000,22.03
2008-02-07,25.79,26.06,25.62,25.92,450500,21.93
2008-02-06,26.24,26.32,25.78,25.80,324600,21.83
2008-02-05,26.80,26.80,26.05,26.12,355900,22.10
2008-02-04,26.20,26.92,26.20,26.79,632000,22.66
2008-02-01,26.63,26.75,26.20,26.27,698700,22.22
2008-01-31,25.64,26.74,25.59,26.62,416200,22.52
2008-01-30,25.90,26.84,25.81,25.81,630300,21.83
2008-01-29,25.59,26.01,25.48,25.81,435000,21.83
2008-01-28,24.95,25.42,24.85,25.42,332800,21.50
2008-01-25,25.00,25.15,24.83,24.89,385400,21.06
2008-01-24,25.34,25.43,24.81,24.88,446900,21.05
2008-01-23,24.21,25.26,24.21,25.18,599800,21.30
2008-01-22,24.11,25.06,23.99,24.75,1067500,20.94
2008-01-18,25.82,25.98,24.92,25.00,488600,21.15
2008-01-17,26.41,26.54,25.64,25.64,619000,21.69
2008-01-16,26.38,26.73,26.31,26.43,391400,22.36
2008-01-15,26.50,26.69,26.32,26.55,299800,22.46
2008-01-14,26.97,27.14,26.72,26.86,340000,22.72
2008-01-11,26.69,27.07,26.59,26.97,305700,22.82
2008-01-10,26.81,27.04,26.57,26.87,340900,22.73
2008-01-09,26.51,26.89,26.38,26.83,407800,22.70
2008-01-08,26.81,27.14,26.42,26.44,617100,22.37
2008-01-07,26.52,26.78,26.52,26.63,378900,22.53
2008-01-04,26.76,26.87,26.53,26.53,312200,22.44
2008-01-03,27.41,27.43,26.77,26.79,295300,22.66
2008-01-02,27.34,27.41,27.00,27.24,265500,23.04
2007-12-31,27.29,27.36,27.11,27.25,333700,23.05
2007-12-28,27.12,27.38,27.05,27.19,195500,23.00
2007-12-27,26.81,27.10,26.72,27.01,412000,22.85
2007-12-26,27.13,27.15,26.91,26.91,146400,22.76
2007-12-24,26.57,27.14,26.52,27.13,71700,22.95
2007-12-21,26.39,26.62,26.18,26.62,418500,22.52
2007-12-20,26.45,26.49,26.14,26.41,257600,22.34
2007-12-19,26.63,26.65,26.33,26.39,217300,22.32
2007-12-18,26.62,26.68,26.32,26.44,315000,22.37
2007-12-17,26.16,26.77,26.16,26.53,239200,22.44
2007-12-14,27.00,27.29,26.34,26.41,445300,22.34
2007-12-13,26.98,27.42,26.98,27.42,339500,23.20
2007-12-12,26.98,27.38,26.83,27.09,432700,22.92
2007-12-11,27.27,27.54,26.91,26.97,303800,22.66
2007-12-10,27.26,27.52,27.13,27.20,352500,22.85
2007-12-07,27.94,28.18,27.02,27.22,655300,22.87
2007-12-06,27.31,27.79,27.08,27.79,340300,23.35
2007-12-05,27.17,27.34,27.03,27.27,313200,22.91
2007-12-04,26.44,27.14,26.44,27.03,317800,22.71
2007-12-03,26.44,26.88,26.29,26.66,327300,22.40
2007-11-30,26.30,26.44,26.10,26.44,465900,22.21
2007-11-29,25.86,26.14,25.77,26.09,437200,21.92
2007-11-28,25.40,25.84,25.40,25.84,437600,21.71
2007-11-27,25.18,25.55,25.12,25.39,424900,21.33
2007-11-26,25.10,25.40,24.99,25.06,291100,21.05
2007-11-23,25.13,25.13,24.83,25.00,82800,21.00
2007-11-21,25.16,25.32,24.99,24.99,250400,21.00
2007-11-20,25.02,25.22,24.79,25.19,597500,21.16
2007-11-19,24.93,25.07,24.80,25.02,572000,21.02
2007-11-16,25.29,25.49,24.90,25.04,648500,21.04
2007-11-15,26.00,26.11,25.29,25.41,786500,21.35
2007-11-14,26.55,26.55,25.81,26.00,239400,21.84
2007-11-13,26.41,26.48,25.97,26.48,265300,22.25
2007-11-12,26.23,26.58,26.12,26.25,289700,22.05
2007-11-09,26.33,26.48,26.03,26.32,296600,22.11
2007-11-08,26.00,26.47,26.00,26.39,369900,22.17
2007-11-07,26.24,26.34,25.94,26.00,339900,21.84
2007-11-06,26.42,26.42,25.99,26.34,257200,22.13
2007-11-05,26.51,26.53,26.23,26.35,245600,22.14
2007-11-02,26.51,27.21,25.95,26.63,271200,22.37
2007-11-01,26.50,26.64,26.08,26.45,314600,22.22
2007-10-31,26.34,26.82,26.33,26.62,340700,22.36
2007-10-30,25.81,26.48,25.81,26.37,283900,22.15
2007-10-29,26.08,26.15,25.92,25.97,327900,21.82
2007-10-26,25.82,26.25,25.76,26.12,449700,21.94
2007-10-25,25.80,25.86,25.66,25.79,684500,21.67
2007-10-24,25.99,25.99,25.57,25.80,450700,21.68
2007-10-23,26.31,26.40,25.85,26.00,200900,21.84
2007-10-22,25.80,26.00,25.69,26.00,322600,21.84
2007-10-19,26.02,26.07,25.77,25.85,478300,21.72
2007-10-18,25.92,26.07,25.85,26.00,292700,21.84
2007-10-17,25.88,26.14,25.77,25.86,415600,21.73
2007-10-16,25.94,26.22,25.92,25.98,525900,21.83
2007-10-15,26.45,26.51,26.00,26.08,298900,21.91
2007-10-12,26.70,26.88,26.52,26.60,455200,22.35
2007-10-11,26.74,26.96,26.63,26.85,311100,22.56
2007-10-10,26.46,26.63,26.29,26.60,562500,22.35
2007-10-09,26.26,26.46,26.14,26.46,446700,22.23
2007-10-08,26.33,26.37,26.20,26.26,401900,22.06
2007-10-05,26.07,26.29,25.94,26.29,407100,22.09
2007-10-04,26.11,26.15,25.68,25.93,586100,21.78
2007-10-03,26.13,26.27,25.64,26.17,380500,21.99
2007-10-02,26.18,26.24,25.95,26.13,240500,21.95
2007-10-01,26.00,26.38,26.00,26.23,208600,22.04
2007-09-28,25.92,26.12,25.81,25.98,477000,21.83
2007-09-27,26.50,26.52,26.01,26.02,367800,21.86
2007-09-26,26.01,26.33,25.82,26.32,329700,22.11
2007-09-25,26.06,26.29,25.80,25.86,229900,21.73
2007-09-24,26.16,26.57,26.12,26.24,357800,22.05
2007-09-21,26.50,26.67,26.14,26.15,524400,21.97
2007-09-20,26.54,26.69,26.41,26.57,302900,22.32
2007-09-19,26.17,26.72,26.11,26.54,608200,22.30
2007-09-18,25.75,26.25,25.75,26.20,311200,22.01
2007-09-17,25.60,25.79,25.57,25.75,524700,21.63
2007-09-14,25.46,25.66,25.36,25.66,365000,21.56
2007-09-13,25.75,25.76,25.42,25.51,431000,21.43
2007-09-12,25.25,25.76,25.10,25.64,375900,21.54
2007-09-11,25.26,25.45,25.13,25.36,357800,21.15
2007-09-10,24.58,25.34,24.58,25.26,509500,21.07
2007-09-07,25.11,25.33,24.98,25.20,319500,21.02
2007-09-06,25.26,25.41,25.11,25.37,470900,21.16
2007-09-05,25.67,25.67,25.04,25.30,425800,21.10
2007-09-04,25.45,25.98,25.44,25.74,344000,21.47
2007-08-31,25.78,25.78,25.43,25.55,339600,21.31
2007-08-30,25.50,25.84,25.33,25.44,255100,21.22
2007-08-29,25.52,25.82,25.33,25.75,225900,21.48
2007-08-28,25.31,25.81,25.31,25.36,307900,21.15
2007-08-27,25.92,26.00,25.54,25.60,283500,21.35
2007-08-24,25.91,25.95,25.64,25.92,387600,21.62
2007-08-23,25.64,26.06,25.56,26.03,262500,21.71
2007-08-22,25.33,25.53,25.11,25.43,325800,21.21
2007-08-21,25.14,25.59,25.14,25.30,265000,21.10
2007-08-20,25.09,25.37,24.90,25.18,350300,21.00
2007-08-17,24.64,25.30,24.64,25.17,379700,20.99
2007-08-16,25.00,25.25,24.41,25.20,448500,21.02
2007-08-15,25.30,25.74,24.87,24.93,505400,20.79
2007-08-14,25.02,25.70,24.92,25.38,605000,21.17
2007-08-13,26.11,26.36,24.88,24.95,910400,20.81
2007-08-10,23.60,25.89,23.49,25.80,1184000,21.52
2007-08-09,23.96,23.97,22.75,23.78,2218700,19.83
2007-08-08,24.60,24.74,23.76,23.96,1265400,19.98
2007-08-07,24.26,24.70,24.00,24.57,966900,20.49
2007-08-06,25.37,25.37,23.47,24.44,967900,20.38
2007-08-03,25.82,25.99,24.78,24.89,659900,20.76
2007-08-02,26.02,26.27,25.51,25.91,394200,21.61
2007-08-01,25.67,26.30,25.58,26.21,466500,21.86
2007-07-31,26.26,26.35,25.64,25.81,517100,21.53
2007-07-30,24.96,26.29,24.96,26.08,710300,21.75
2007-07-27,26.22,26.22,25.47,25.47,387700,21.24
2007-07-26,26.92,27.05,25.97,26.18,367700,21.83
2007-07-25,26.91,27.18,26.69,27.00,299200,22.52
2007-07-24,27.41,27.65,26.72,26.90,406300,22.44
2007-07-23,27.77,28.11,27.75,27.75,179800,23.14
2007-07-20,28.19,28.30,27.66,27.69,196700,23.09
2007-07-19,27.94,28.19,27.86,28.09,290100,23.43
2007-07-18,27.37,27.98,27.37,27.90,448600,23.27
2007-07-17,27.65,27.99,27.39,27.40,374400,22.85
2007-07-16,27.86,27.94,27.53,27.67,466300,23.08
2007-07-13,27.26,27.77,27.26,27.76,473500,23.15
2007-07-12,27.42,27.58,27.29,27.47,324500,22.91
2007-07-11,27.22,27.68,27.17,27.27,369100,22.74
2007-07-10,27.49,27.66,27.20,27.36,264000,22.82
2007-07-09,27.57,27.75,27.43,27.63,382700,23.04
2007-07-06,27.31,27.54,27.17,27.43,261600,22.88
2007-07-05,27.75,27.79,27.23,27.42,280000,22.87
2007-07-03,27.50,27.67,27.45,27.60,113300,23.02
2007-07-02,27.41,27.64,27.12,27.44,329400,22.89
2007-06-29,27.10,27.34,27.10,27.28,503500,22.75
2007-06-28,27.03,27.27,26.89,26.89,330100,22.43
2007-06-27,26.70,26.95,26.55,26.94,527800,22.47
2007-06-26,25.77,26.98,25.77,26.80,501600,22.35
2007-06-25,26.72,27.00,26.51,26.66,243100,22.23
2007-06-22,26.92,27.12,26.66,26.80,510400,22.35
2007-06-21,27.13,27.24,26.92,27.08,327900,22.59
2007-06-20,27.51,27.61,27.18,27.26,472800,22.74
2007-06-19,27.30,27.61,27.04,27.55,505800,22.98
2007-06-18,27.62,27.69,27.10,27.25,418100,22.73
2007-06-15,27.70,27.79,27.18,27.72,380400,23.12
2007-06-14,27.17,27.61,27.17,27.58,367000,23.00
2007-06-13,26.94,27.08,26.72,27.04,394800,22.55
2007-06-12,27.30,27.32,26.92,26.98,541900,22.35
2007-06-11,27.41,27.54,27.20,27.30,576500,22.61
2007-06-08,27.28,27.46,27.11,27.32,561600,22.63
2007-06-07,27.85,28.16,27.23,27.28,474200,22.60
2007-06-06,28.99,28.99,28.06,28.20,394600,23.36
2007-06-05,29.00,29.18,28.59,28.91,499400,23.95
2007-06-04,28.82,29.63,28.82,29.30,466200,24.27
2007-06-01,29.05,29.10,28.79,28.96,356000,23.99
2007-05-31,28.97,29.04,28.55,28.80,466000,23.85
2007-05-30,28.58,28.92,28.49,28.87,281600,23.91
2007-05-29,28.31,28.71,28.19,28.64,261200,23.72
2007-05-25,27.98,28.41,27.48,28.30,373500,23.44
2007-05-24,28.60,28.93,28.00,28.01,331200,23.20
2007-05-23,29.18,29.23,28.64,28.64,346000,23.72
2007-05-22,29.18,29.31,29.03,29.09,494900,24.10
2007-05-21,29.10,29.29,28.94,29.28,487400,24.25
2007-05-18,28.90,29.02,28.83,29.01,258300,24.03
2007-05-17,28.50,28.90,28.35,28.89,502000,23.93
2007-05-16,28.52,28.69,28.38,28.51,469700,23.61
2007-05-15,28.91,29.19,28.61,28.61,542500,23.70
2007-05-14,28.51,29.09,28.40,29.01,444100,24.03
2007-05-11,28.31,28.85,28.27,28.76,478600,23.82
2007-05-10,28.51,28.55,28.18,28.33,292400,23.47
2007-05-09,28.44,28.54,28.32,28.45,225200,23.57
2007-05-08,28.16,28.50,28.15,28.43,272000,23.55
2007-05-07,28.47,28.49,28.26,28.33,314300,23.47
2007-05-04,28.37,28.49,28.25,28.41,384800,23.53
2007-05-03,28.35,28.48,28.10,28.41,537200,23.53
2007-05-02,28.35,28.55,28.24,28.30,618100,23.44
2007-05-01,28.28,28.54,28.13,28.35,434300,23.48
2007-04-30,28.88,28.88,28.14,28.36,485100,23.49
2007-04-27,27.72,29.15,27.72,28.88,667500,23.92
2007-04-26,27.86,27.88,27.06,27.69,412400,22.94
2007-04-25,27.68,28.02,27.53,27.91,473000,23.12
2007-04-24,26.88,27.46,26.84,27.46,437500,22.75
2007-04-23,26.67,27.00,26.67,26.85,270600,22.24
2007-04-20,26.47,26.84,26.47,26.82,292600,22.21
2007-04-19,26.71,26.71,26.35,26.45,284100,21.91
2007-04-18,26.84,26.99,26.67,26.72,235000,22.13
2007-04-17,27.05,27.05,26.75,26.94,196500,22.31
2007-04-16,26.71,26.99,26.43,26.99,150100,22.36
2007-04-13,26.78,26.99,26.68,26.80,277600,22.20
2007-04-12,26.91,26.91,26.61,26.86,308400,22.25
2007-04-11,27.11,27.33,26.91,26.98,305600,22.35
2007-04-10,27.00,27.29,27.00,27.15,250100,22.49
2007-04-09,27.05,27.28,27.02,27.07,276000,22.42
2007-04-05,27.00,27.20,26.95,27.14,184200,22.48
2007-04-04,27.00,27.20,26.89,27.20,305600,22.53
2007-04-03,27.00,27.11,26.86,27.00,190700,22.36
2007-04-02,26.82,27.09,26.74,27.05,397800,22.41
2007-03-30,26.92,27.10,26.59,26.71,485700,22.12
2007-03-29,26.94,26.97,26.64,26.97,384800,22.34
2007-03-28,26.72,27.25,26.62,26.84,492000,22.23
2007-03-27,26.30,26.65,26.06,26.64,532500,22.07
2007-03-26,26.64,26.67,26.24,26.41,284900,21.88
2007-03-23,26.33,26.59,26.26,26.53,265800,21.97
2007-03-22,26.35,26.56,26.24,26.44,319700,21.90
2007-03-21,25.92,26.35,25.75,26.35,300300,21.83
2007-03-20,25.42,25.84,25.34,25.84,316000,21.40
2007-03-19,25.48,25.65,25.36,25.42,315400,21.06
2007-03-16,25.55,25.59,25.26,25.42,333400,21.06
2007-03-15,24.91,25.60,24.10,25.57,393100,21.18
2007-03-14,25.03,25.20,24.80,24.99,667100,20.70
2007-03-13,25.28,25.48,24.92,25.04,376500,20.74
2007-03-12,25.25,25.61,25.21,25.58,240100,21.04
2007-03-09,25.33,25.55,25.31,25.36,150100,20.86
2007-03-08,25.38,25.59,25.32,25.42,236600,20.91
2007-03-07,25.42,25.42,25.16,25.29,649700,20.80
2007-03-06,25.07,25.65,25.07,25.34,560300,20.84
2007-03-05,25.51,25.58,25.14,25.14,354900,20.68
2007-03-02,25.82,25.89,25.53,25.67,388700,21.12
2007-03-01,25.95,26.10,25.16,25.98,417300,21.37
2007-02-28,26.35,26.47,26.05,26.11,521500,21.48
2007-02-27,26.57,27.06,26.03,26.23,287800,21.58
2007-02-26,26.78,27.27,26.53,26.79,353700,22.04
2007-02-23,27.07,27.07,26.75,26.84,339400,22.08
2007-02-22,26.99,27.13,26.92,27.07,267700,22.27
2007-02-21,27.26,27.26,26.71,27.09,215600,22.28
2007-02-20,27.02,27.28,26.51,27.25,354800,22.42
2007-02-16,27.24,27.24,27.04,27.11,177500,22.30
2007-02-15,27.54,27.55,27.19,27.22,382700,22.39
2007-02-14,27.38,27.61,27.26,27.61,268900,22.71
2007-02-13,26.90,27.35,26.90,27.34,494300,22.49
2007-02-12,27.35,27.43,27.13,27.36,473600,22.51
2007-02-09,27.47,27.63,27.28,27.45,324400,22.58
2007-02-08,27.15,27.58,27.15,27.54,301400,22.65
2007-02-07,27.11,27.28,26.94,27.15,324100,22.33
2007-02-06,26.80,27.11,26.80,27.05,428200,22.25
2007-02-05,27.04,27.13,26.82,26.86,345000,22.10
2007-02-02,27.06,27.18,26.90,27.14,401500,22.33
2007-02-01,27.19,27.41,26.79,27.16,505400,22.34
2007-01-31,27.19,27.80,26.65,27.41,696700,22.55
2007-01-30,27.65,27.93,27.53,27.70,317100,22.79
2007-01-29,27.65,27.76,27.45,27.56,340100,22.67
2007-01-26,27.47,27.70,27.25,27.60,237400,22.70
2007-01-25,27.49,27.79,27.46,27.56,283400,22.67
2007-01-24,27.77,27.77,27.45,27.58,394500,22.69
2007-01-23,27.49,27.81,27.43,27.68,310000,22.77
2007-01-22,27.60,27.75,27.48,27.55,220700,22.66
2007-01-19,27.42,27.55,27.22,27.55,178400,22.66
2007-01-18,27.65,27.68,27.29,27.35,173400,22.50
2007-01-17,27.68,27.89,27.56,27.65,258700,22.74
2007-01-16,27.71,27.94,27.61,27.63,303400,22.73
2007-01-12,27.39,27.72,27.39,27.68,647700,22.77
2007-01-11,27.21,27.65,27.21,27.39,502200,22.53
2007-01-10,27.21,27.32,27.08,27.22,351000,22.39
2007-01-09,26.81,27.25,26.80,27.24,543800,22.41
2007-01-08,26.60,26.98,26.52,26.93,875900,22.15
2007-01-05,27.00,27.05,26.47,26.56,302700,21.85
2007-01-04,27.32,27.39,27.09,27.16,452300,22.34
2007-01-03,27.27,27.59,27.12,27.32,567900,22.47
2006-12-29,27.30,27.44,27.16,27.28,238300,22.44
2006-12-28,27.21,27.40,27.13,27.35,307600,22.50
2006-12-27,27.31,27.31,27.13,27.29,292600,22.45
2006-12-26,26.95,27.11,26.91,27.06,258500,22.26
2006-12-22,27.14,27.19,26.95,27.01,127100,22.22
2006-12-21,27.31,27.50,27.02,27.14,262800,22.33
2006-12-20,27.31,27.42,27.24,27.33,291700,22.48
2006-12-19,27.10,27.41,26.92,27.32,653200,22.47
2006-12-18,27.66,27.72,27.02,27.15,342200,22.33
2006-12-15,27.71,27.83,27.52,27.72,441500,22.80
2006-12-14,27.69,27.82,27.60,27.69,336900,22.78
2006-12-13,27.85,27.86,27.63,27.65,428500,22.74
2006-12-12,27.83,28.12,27.80,27.91,542600,22.81
2006-12-11,28.18,28.25,27.89,27.89,582500,22.80
2006-12-08,28.22,28.35,27.93,28.20,218700,23.05
2006-12-07,28.20,29.00,27.96,28.23,784000,23.08
2006-12-06,28.10,28.21,28.00,28.16,234500,23.02
2006-12-05,28.15,28.25,27.97,28.13,439100,22.99
2006-12-04,27.59,28.19,27.59,28.11,554400,22.98
2006-12-01,28.18,28.20,27.36,27.59,564200,22.55
2006-11-30,27.95,28.19,27.90,28.18,749600,23.03
2006-11-29,27.55,28.02,27.55,28.00,354100,22.89
2006-11-28,27.19,27.53,27.11,27.52,415400,22.50
2006-11-27,27.65,27.98,27.18,27.29,415600,22.31
2006-11-24,27.37,27.61,27.34,27.59,50800,22.55
2006-11-22,27.52,27.58,27.29,27.41,316900,22.41
2006-11-21,27.34,27.64,27.00,27.55,482400,22.52
2006-11-20,27.08,27.58,27.08,27.42,413700,22.41
2006-11-17,27.15,27.25,26.98,27.08,522900,22.14
2006-11-16,27.23,27.36,27.01,27.15,287100,22.19
2006-11-15,27.12,27.31,26.95,27.14,392500,22.18
2006-11-14,27.01,27.24,26.95,27.03,504400,22.09
2006-11-13,27.01,27.19,26.90,26.98,374900,22.05
2006-11-10,26.95,27.24,26.95,27.10,354100,22.15
2006-11-09,27.20,27.30,26.96,27.02,437200,22.09
2006-11-08,26.40,27.33,26.40,27.25,251600,22.27
2006-11-07,26.77,26.88,26.44,26.50,276900,21.66
2006-11-06,26.49,26.80,26.45,26.78,171300,21.89
2006-11-03,26.63,26.77,26.25,26.46,245100,21.63
2006-11-02,26.38,26.65,26.26,26.63,442600,21.77
2006-11-01,26.50,26.60,26.25,26.48,446700,21.65
2006-10-31,26.16,26.52,26.05,26.50,307100,21.66
2006-10-30,26.12,26.26,26.08,26.21,210000,21.42
2006-10-27,26.18,26.29,26.03,26.22,259100,21.43
2006-10-26,25.89,26.23,25.77,26.23,330400,21.44
2006-10-25,26.23,26.23,25.29,25.79,249200,21.08
2006-10-24,25.14,25.50,24.83,25.36,326200,20.73
2006-10-23,24.77,25.27,24.70,25.24,174300,20.63
2006-10-20,24.98,25.02,24.77,24.83,490700,20.30
2006-10-19,24.91,25.15,24.88,24.99,315300,20.43
2006-10-18,24.97,25.26,24.95,24.99,294900,20.43
2006-10-17,25.04,25.18,24.51,24.99,222300,20.43
2006-10-16,24.96,25.24,24.95,25.09,193700,20.51
2006-10-13,24.86,25.19,24.73,25.16,301600,20.57
2006-10-12,24.68,24.87,24.59,24.86,76800,20.32
2006-10-11,24.54,24.79,24.52,24.68,116900,20.17
2006-10-10,24.36,24.66,24.34,24.64,197300,20.14
2006-10-09,24.44,24.64,24.35,24.45,112400,19.99
2006-10-06,24.37,24.65,24.29,24.51,268100,20.03
2006-10-05,24.45,24.63,24.34,24.47,144800,20.00
2006-10-04,24.53,24.53,24.26,24.51,230400,20.03
2006-10-03,24.48,24.52,24.28,24.49,270700,20.02
2006-10-02,24.40,24.78,24.40,24.46,209400,19.99
2006-09-29,24.72,24.76,24.38,24.45,207900,19.99
2006-09-28,24.87,24.90,24.69,24.78,99200,20.26
2006-09-27,24.40,24.90,24.40,24.86,223300,20.32
2006-09-26,24.31,24.48,24.22,24.35,129800,19.90
2006-09-25,24.05,24.47,23.97,24.36,124700,19.91
2006-09-22,24.01,24.16,23.80,23.98,149400,19.60
2006-09-21,24.31,24.31,23.99,24.08,236600,19.68
2006-09-20,23.96,24.33,23.91,24.31,303000,19.87
2006-09-19,23.94,24.07,23.74,23.98,185200,19.60
2006-09-18,24.09,24.09,23.92,23.99,150000,19.61
2006-09-15,24.25,24.29,23.98,24.12,190900,19.72
2006-09-14,24.18,24.37,24.18,24.27,342700,19.84
2006-09-13,24.37,24.50,24.13,24.25,239600,19.82
2006-09-12,24.32,24.55,24.24,24.49,123400,19.87
2006-09-11,24.50,24.50,24.20,24.38,292600,19.79
2006-09-08,24.30,24.53,24.30,24.50,196900,19.88
2006-09-07,24.42,24.56,24.28,24.30,137900,19.72
2006-09-06,24.55,24.66,24.45,24.55,198600,19.92
2006-09-05,24.75,24.90,24.60,24.71,296100,20.05
2006-09-01,24.78,24.89,24.62,24.72,209800,20.06
2006-08-31,24.47,24.87,24.32,24.80,311300,20.13
2006-08-30,24.40,24.63,24.11,24.52,336700,19.90
2006-08-29,23.95,24.42,23.90,24.35,334900,19.76
2006-08-28,23.85,24.14,23.78,24.10,280500,19.56
2006-08-25,24.25,24.27,23.90,24.00,288400,19.48
2006-08-24,24.00,24.16,23.79,24.15,287100,19.60
2006-08-23,24.65,24.69,23.90,24.02,360300,19.49
2006-08-22,24.62,24.87,24.62,24.70,229200,20.04
2006-08-21,24.87,24.99,24.69,24.76,194500,20.09
2006-08-18,24.65,24.99,24.63,24.87,179500,20.18
2006-08-17,24.87,25.00,24.58,24.62,182000,19.98
2006-08-16,25.00,25.12,24.77,24.95,198800,20.25
2006-08-15,24.93,25.01,24.80,25.00,184200,20.29
2006-08-14,24.64,24.97,24.54,24.83,186800,20.15
2006-08-11,24.70,24.74,24.35,24.55,200900,19.92
2006-08-10,24.73,24.95,24.64,24.82,226700,20.14
2006-08-09,24.77,25.14,24.67,24.81,252000,20.13
2006-08-08,24.82,25.00,24.66,24.70,253100,20.04
2006-08-07,25.00,25.12,24.72,24.82,237300,20.14
2006-08-04,24.84,25.10,24.81,25.05,319600,20.33
2006-08-03,24.74,24.92,24.59,24.72,207800,20.06
2006-08-02,24.79,25.10,24.66,24.77,392500,20.10
2006-08-01,24.90,25.13,24.69,24.80,389800,20.13
2006-07-31,24.70,25.04,24.70,24.85,457400,20.17
2006-07-28,24.65,25.00,24.26,24.89,459400,20.20
2006-07-27,25.40,25.69,24.53,24.70,731100,20.04
2006-07-26,25.01,25.70,24.91,25.64,521500,20.81
2006-07-25,25.64,25.67,25.20,25.39,380400,20.60
2006-07-24,25.20,25.73,25.14,25.65,296500,20.82
2006-07-21,25.06,25.24,25.00,25.21,270100,20.46
2006-07-20,24.79,25.11,24.72,25.06,236100,20.34
2006-07-19,24.40,24.85,24.39,24.73,316500,20.07
2006-07-18,24.37,24.59,24.24,24.45,263000,19.84
2006-07-17,24.34,24.57,24.22,24.45,181700,19.84
2006-07-14,24.70,24.70,24.21,24.45,354900,19.84
2006-07-13,24.79,24.97,24.41,24.66,242700,20.01
2006-07-12,24.85,25.00,24.64,24.89,366300,20.20
2006-07-11,24.57,24.87,24.38,24.80,446400,20.13
2006-07-10,24.55,24.80,24.53,24.68,279500,20.03
2006-07-07,24.50,24.65,24.42,24.58,414800,19.95
2006-07-06,24.84,24.90,24.45,24.58,502700,19.95
2006-07-05,25.02,25.15,24.62,24.82,370500,20.14
2006-07-03,25.20,25.22,24.75,25.02,188700,20.30
2006-06-30,24.70,24.75,24.52,24.62,365700,19.98
2006-06-29,24.46,24.60,24.17,24.60,494400,19.96
2006-06-28,24.32,24.60,24.25,24.46,388600,19.85
2006-06-27,24.38,24.58,24.17,24.29,417900,19.71
2006-06-26,24.33,24.72,24.26,24.41,279700,19.81
2006-06-23,24.00,24.65,23.92,24.39,500200,19.79
2006-06-22,24.00,24.08,23.58,23.97,432300,19.45
2006-06-21,23.55,24.09,23.40,24.00,686500,19.48
2006-06-20,23.43,23.55,23.12,23.47,442700,19.05
2006-06-19,23.90,23.91,23.13,23.39,259800,18.98
2006-06-16,23.75,23.98,23.65,23.83,217200,19.34
2006-06-15,23.73,23.97,23.52,23.81,433400,19.32
2006-06-14,23.20,23.59,23.02,23.58,486900,19.14
2006-06-13,23.34,23.46,22.94,23.26,521500,18.88
2006-06-12,23.75,23.75,23.13,23.22,595700,18.70
2006-06-09,23.80,23.89,23.59,23.74,205100,19.12
2006-06-08,23.65,23.80,23.27,23.78,471700,19.15
2006-06-07,23.69,23.87,23.53,23.68,334500,19.07
2006-06-06,23.97,23.97,23.52,23.74,376100,19.12
2006-06-05,24.00,24.09,23.67,23.98,490900,19.31
2006-06-02,23.61,24.24,23.52,24.11,832000,19.42
2006-06-01,23.20,23.64,23.20,23.61,301200,19.02
2006-05-31,23.36,23.82,23.01,23.26,924300,18.73
2006-05-30,23.20,23.64,23.06,23.35,839700,18.81
2006-05-26,23.10,23.32,22.97,23.18,262400,18.67
2006-05-25,23.05,23.14,22.85,23.09,450100,18.60
2006-05-24,22.33,23.05,22.06,23.03,796600,18.55
2006-05-23,23.03,23.12,22.30,22.39,911100,18.03
2006-05-22,22.45,23.05,22.29,22.95,710300,18.48
2006-05-19,22.38,22.71,22.22,22.64,378400,18.23
2006-05-18,22.45,22.69,22.41,22.43,486600,18.06
2006-05-17,22.69,22.87,22.47,22.65,651100,18.24
2006-05-16,23.39,23.41,22.50,22.79,886900,18.35
2006-05-15,23.21,23.55,23.08,23.35,460800,18.81
2006-05-12,23.11,23.30,22.99,23.24,625400,18.72
2006-05-11,23.69,23.76,23.00,23.16,862400,18.65
2006-05-10,23.51,23.80,23.51,23.69,496900,19.08
2006-05-09,23.55,23.90,23.46,23.55,1131400,18.97
2006-05-08,23.16,23.60,23.11,23.58,1197300,18.99
2006-05-05,22.95,23.35,22.95,23.20,784800,18.68
2006-05-04,23.03,23.20,22.85,22.85,759900,18.40
2006-05-03,23.32,23.45,22.99,23.02,614800,18.54
2006-05-02,23.30,23.45,23.15,23.42,883400,18.86
2006-05-01,22.99,23.57,22.72,23.38,1155700,18.83
2006-04-28,22.05,22.46,22.00,22.40,437600,18.04
2006-04-27,21.85,22.15,21.63,22.06,393800,17.77
2006-04-26,21.60,22.12,21.55,22.00,478000,17.72
2006-04-25,22.38,22.38,21.83,22.01,854100,17.73
2006-04-24,22.29,22.39,22.17,22.35,390100,18.00
2006-04-21,21.94,22.47,21.88,22.29,522000,17.95
2006-04-20,21.80,21.98,21.80,21.92,292800,17.65
2006-04-19,21.47,21.86,21.47,21.81,351200,17.57
2006-04-18,21.35,21.60,21.31,21.51,347500,17.32
2006-04-17,21.21,21.36,21.17,21.31,343100,17.16
2006-04-13,21.20,21.22,21.01,21.21,244800,17.08
2006-04-12,21.10,21.31,21.04,21.23,223500,17.10
2006-04-11,21.26,21.40,20.93,21.11,319400,17.00
2006-04-10,21.42,21.53,21.14,21.27,208700,17.13
2006-04-07,21.48,21.65,21.24,21.26,464400,17.12
2006-04-06,21.21,21.58,21.21,21.51,400700,17.32
2006-04-05,21.15,21.35,21.02,21.29,290800,17.15
2006-04-04,21.37,21.37,21.00,21.19,424600,17.07
2006-04-03,21.26,21.43,21.12,21.31,412200,17.16
2006-03-31,21.28,21.37,20.99,21.07,595900,16.97
2006-03-30,21.39,21.49,21.17,21.29,302200,17.15
2006-03-29,21.14,21.49,21.11,21.39,487300,17.23
2006-03-28,21.29,21.33,21.04,21.09,919600,16.99
2006-03-27,21.50,21.60,21.23,21.30,446300,17.15
2006-03-24,21.75,21.79,21.41,21.60,529400,17.40
2006-03-23,21.91,21.91,21.69,21.80,216800,17.56
2006-03-22,21.84,21.93,21.72,21.91,253800,17.65
2006-03-21,21.83,22.05,21.66,21.83,488100,17.58
2006-03-20,21.99,22.03,21.79,21.87,411700,17.61
2006-03-17,21.87,21.98,21.58,21.96,809600,17.69
2006-03-16,21.72,21.94,21.67,21.71,697300,17.48
2006-03-15,21.91,21.96,21.61,21.77,368800,17.53
2006-03-14,21.72,21.99,21.57,21.97,707000,17.69
2006-03-13,21.48,21.76,21.35,21.75,349200,17.52
2006-03-10,21.59,21.66,21.37,21.57,542100,17.24
2006-03-09,21.72,21.72,21.37,21.60,536400,17.26
2006-03-08,21.70,21.84,21.40,21.75,461600,17.38
2006-03-07,21.95,21.95,21.71,21.77,470800,17.40
2006-03-06,22.03,22.11,21.80,22.00,904700,17.58
2006-03-03,22.25,22.27,22.06,22.11,297200,17.67
2006-03-02,22.22,22.30,22.03,22.29,294800,17.81
2006-03-01,22.45,22.45,22.10,22.31,400900,17.83
2006-02-28,22.56,22.62,22.17,22.45,647300,17.94
2006-02-27,22.36,22.65,22.31,22.59,348300,18.05
2006-02-24,22.33,22.38,22.13,22.30,254800,17.82
2006-02-23,22.32,22.54,22.10,22.42,360300,17.92
2006-02-22,22.40,22.53,22.22,22.41,333500,17.91
2006-02-21,22.48,22.54,22.25,22.47,349900,17.96
2006-02-17,22.14,22.66,22.11,22.49,496200,17.97
2006-02-16,21.85,22.19,21.75,22.14,292000,17.69
2006-02-15,21.66,21.96,21.65,21.80,686800,17.42
2006-02-14,21.38,21.73,21.24,21.70,493300,17.34
2006-02-13,21.69,21.77,21.31,21.43,524500,17.12
2006-02-10,21.65,21.83,21.49,21.77,578600,17.40
2006-02-09,21.53,21.82,21.43,21.67,525200,17.32
2006-02-08,21.60,21.60,21.38,21.50,842000,17.18
2006-02-07,21.31,21.53,21.08,21.50,579800,17.18
2006-02-06,21.45,21.58,21.15,21.31,793100,17.03
2006-02-03,21.48,21.65,21.17,21.55,760700,17.22
2006-02-02,21.33,21.58,21.06,21.50,977300,17.18
2006-02-01,21.25,21.64,20.70,21.52,729300,17.20
2006-01-31,21.65,21.98,21.45,21.47,900900,17.16
2006-01-30,21.89,22.07,21.75,21.90,1104100,17.50
2006-01-27,21.22,21.98,21.22,21.93,758800,17.52
2006-01-26,21.41,21.41,20.99,21.21,312700,16.95
2006-01-25,21.72,21.72,21.20,21.26,351100,16.99
2006-01-24,21.55,21.72,21.40,21.69,489700,17.33
2006-01-23,21.90,21.90,21.20,21.39,1044500,17.09
2006-01-20,22.00,22.29,21.85,21.90,217700,17.50
2006-01-19,22.05,22.20,21.86,22.03,342900,17.60
2006-01-18,22.00,22.26,21.89,22.02,346200,17.60
2006-01-17,22.10,22.35,21.95,22.20,502900,17.74
2006-01-13,22.02,22.30,22.00,22.27,175900,17.80
2006-01-12,22.41,22.48,22.02,22.11,263200,17.67
2006-01-11,22.18,22.52,21.99,22.41,976400,17.91
2006-01-10,21.96,22.85,21.87,22.23,1086400,17.76
2006-01-09,21.35,22.10,21.35,22.08,1185900,17.64
2006-01-06,21.10,21.46,21.05,21.35,458700,17.06
2006-01-05,21.21,21.38,20.93,21.03,631500,16.80
2006-01-04,21.10,21.28,20.92,21.26,736500,16.99
2006-01-03,20.86,21.16,20.60,21.08,487400,16.84
2005-12-30,20.35,20.74,20.21,20.60,638600,16.46
2005-12-29,20.48,20.78,20.45,20.46,644800,16.35
2005-12-28,20.80,20.95,20.34,20.64,823800,16.49
2005-12-27,21.10,21.20,20.62,20.70,533300,16.54
2005-12-23,21.30,21.37,21.03,21.11,463600,16.87
2005-12-22,21.14,21.30,21.00,21.16,1101900,16.91
2005-12-21,21.32,21.45,21.04,21.21,1040400,16.95
2005-12-20,21.49,21.60,21.25,21.32,369000,17.04
2005-12-19,21.44,21.70,21.38,21.42,493900,17.12
2005-12-16,21.90,22.03,21.51,21.64,845200,17.29
2005-12-15,21.83,21.92,21.61,21.88,554800,17.48
2005-12-14,21.60,21.97,21.53,21.78,874400,17.40
2005-12-13,21.15,21.54,21.00,21.49,1285500,17.17
2005-12-12,21.50,21.56,21.24,21.24,643600,16.84
2005-12-09,21.39,21.62,21.36,21.46,523900,17.01
2005-12-08,21.54,21.79,21.22,21.51,881300,17.05
2005-12-07,21.60,21.90,21.45,21.56,598100,17.09
2005-12-06,21.80,21.99,21.56,21.64,1036200,17.15
2005-12-05,21.62,21.98,21.50,21.80,1026100,17.28
2005-12-02,22.31,22.51,22.25,22.46,371500,17.80
2005-12-01,22.15,22.40,22.07,22.39,490100,17.75
2005-11-30,22.19,22.30,21.89,22.00,680200,17.44
2005-11-29,22.02,22.11,21.60,22.09,1283300,17.51
2005-11-28,21.38,22.25,21.38,21.85,585000,17.32
2005-11-25,22.08,22.36,22.08,22.33,251100,17.70
2005-11-23,22.06,22.20,21.76,22.01,457100,17.45
2005-11-22,21.90,22.22,21.81,22.10,796900,17.52
2005-11-21,21.86,22.28,21.80,21.84,989300,17.31
2005-11-18,21.58,21.78,21.25,21.75,1234100,17.24
2005-11-17,21.80,22.20,21.26,21.59,1202500,17.11
2005-11-16,22.25,22.95,21.12,22.00,1621800,17.44
2005-11-15,23.50,23.50,22.80,23.25,351200,18.43
2005-11-14,23.83,23.84,23.30,23.40,343100,18.55
2005-11-11,24.00,24.07,23.65,23.80,182800,18.87
2005-11-10,24.01,24.17,23.59,24.05,301100,19.06
2005-11-09,23.60,24.36,23.57,24.02,302900,19.04
2005-11-08,23.44,23.78,23.42,23.60,579100,18.71
2005-11-07,23.27,23.55,23.00,23.44,473600,18.58
2005-11-04,23.52,23.59,23.15,23.37,274100,18.53
2005-11-03,23.50,23.99,23.33,23.54,367100,18.66
2005-11-02,22.95,23.36,22.95,23.36,255200,18.52
2005-11-01,23.60,23.60,22.99,23.04,287100,18.26
2005-10-31,23.55,23.78,23.20,23.60,485400,18.71
2005-10-28,23.05,23.29,22.97,23.17,478600,18.37
2005-10-27,23.60,23.60,22.90,22.98,258100,18.22
2005-10-26,23.85,24.07,23.46,23.51,292200,18.64
2005-10-25,23.30,23.87,23.12,23.79,364100,18.86
2005-10-24,23.02,23.50,22.71,23.40,316400,18.55
2005-10-21,23.01,23.28,22.93,23.03,230800,18.26
2005-10-20,23.30,23.79,22.93,23.00,280600,18.23
2005-10-19,23.37,23.71,23.01,23.36,496400,18.52
2005-10-18,23.75,23.97,23.38,23.47,508100,18.61
2005-10-17,23.00,23.91,22.96,23.84,749700,18.90
2005-10-14,23.30,23.98,23.29,23.47,298800,18.61
2005-10-13,23.60,23.65,22.60,23.39,870200,18.54
2005-10-12,24.40,24.73,23.75,23.87,864300,18.92
2005-10-11,25.25,25.61,24.84,25.01,660000,19.83
2005-10-10,26.00,26.00,24.99,25.03,679100,19.84
2005-10-07,26.25,26.67,25.80,26.24,492000,20.80
2005-10-06,26.20,26.90,25.51,25.94,478700,20.56
2005-10-05,27.92,28.26,26.67,26.68,334900,21.15
2005-10-04,28.15,28.57,28.07,28.14,465300,22.31
2005-10-03,28.25,28.64,28.11,28.14,433900,22.31
2005-09-30,27.83,28.15,27.80,28.15,356100,22.32
2005-09-29,27.25,28.00,27.02,27.80,438200,22.04
2005-09-28,27.05,27.40,26.88,27.18,350200,21.55
2005-09-27,26.97,27.35,26.96,27.08,308900,21.47
2005-09-26,27.25,27.36,26.89,27.02,392100,21.42
2005-09-23,27.15,27.37,26.95,27.00,348300,21.40
2005-09-22,27.80,27.86,26.98,27.05,359100,21.44
2005-09-21,28.05,28.14,27.51,27.70,326100,21.96
2005-09-20,28.40,28.46,27.83,27.93,327400,22.14
2005-09-19,28.60,28.79,28.28,28.29,245000,22.43
2005-09-16,28.43,28.72,28.38,28.69,241700,22.74
2005-09-15,28.50,28.74,28.34,28.43,179900,22.54
2005-09-14,28.65,28.77,28.44,28.50,273500,22.59
2005-09-13,28.59,28.90,28.38,28.49,357100,22.58
2005-09-12,29.25,29.25,28.63,28.95,336400,22.82
2005-09-09,28.37,28.87,28.27,28.75,399200,22.66
2005-09-08,28.46,28.81,28.12,28.47,518500,22.44
2005-09-07,28.30,28.63,28.04,28.45,279000,22.42
2005-09-06,28.22,28.47,28.19,28.35,292800,22.34
2005-09-02,28.54,28.57,28.01,28.14,199600,22.18
2005-09-01,27.90,28.49,27.81,28.40,625100,22.38
2005-08-31,27.39,27.75,27.39,27.65,579800,21.79
2005-08-30,27.13,27.44,27.05,27.32,620900,21.53
2005-08-29,26.55,27.18,26.36,27.10,562200,21.36
2005-08-26,26.57,26.75,26.54,26.61,383400,20.97
2005-08-25,27.02,27.13,26.60,26.61,369800,20.97
2005-08-24,26.40,27.26,26.40,26.92,608800,21.22
2005-08-23,26.45,26.57,26.27,26.45,500800,20.84
2005-08-22,26.59,26.86,26.54,26.82,219500,21.14
2005-08-19,26.70,26.85,26.58,26.59,247500,20.96
2005-08-18,26.85,26.85,24.25,26.60,685500,20.96
2005-08-17,27.10,27.16,26.61,27.02,526600,21.29
2005-08-16,27.85,27.96,26.81,26.98,440800,21.26
2005-08-15,27.71,28.04,27.16,27.85,380200,21.95
2005-08-12,27.91,28.00,27.60,27.74,429000,21.86
2005-08-11,28.17,28.49,27.92,28.08,497600,22.13
2005-08-10,28.90,28.90,27.94,28.22,530200,22.24
2005-08-09,27.80,28.36,27.75,28.22,274700,22.24
2005-08-08,28.25,28.43,27.77,27.82,440700,21.92
2005-08-05,28.85,28.96,28.26,28.39,286600,22.37
2005-08-04,29.74,29.74,28.98,29.02,331500,22.87
2005-08-03,29.43,29.98,29.43,29.74,344000,23.44
2005-08-02,29.31,29.81,29.31,29.50,533100,23.25
2005-08-01,29.47,29.74,29.05,29.28,710100,23.08
2005-07-29,28.80,29.66,28.80,29.34,1015500,23.12
2005-07-28,28.62,29.30,28.41,28.74,701200,22.65
2005-07-27,28.00,28.80,27.85,28.45,576000,22.42
2005-07-26,27.55,28.25,27.55,27.86,605800,21.96
2005-07-25,27.99,28.56,27.95,28.53,385800,22.48
2005-07-22,27.60,27.92,27.59,27.85,218200,21.95
2005-07-21,28.00,28.00,27.26,27.65,439200,21.79
2005-07-20,28.30,28.45,27.90,28.00,388200,22.07
2005-07-19,28.40,28.45,28.06,28.29,349500,22.30
2005-07-18,28.13,28.35,28.02,28.27,440100,22.28
2005-07-15,28.04,28.28,27.98,28.16,373200,22.19
2005-07-14,28.00,28.54,27.86,28.04,471700,22.10
2005-07-13,28.85,28.85,28.49,28.51,610900,22.47
2005-07-12,29.00,29.21,28.69,28.71,641100,22.63
2005-07-11,28.10,28.75,28.10,28.28,593600,22.29
2005-07-08,28.53,28.81,28.32,28.75,420700,22.66
2005-07-07,27.88,28.60,27.30,28.52,591600,22.48
2005-07-06,28.45,28.50,27.91,27.98,478600,22.05
2005-07-05,28.20,28.75,28.17,28.64,555200,22.57
2005-07-01,28.40,28.60,27.90,28.10,449200,22.15
2005-06-30,27.40,27.95,27.33,27.90,934300,21.99
2005-06-29,27.15,27.47,27.00,27.31,575800,21.52
2005-06-28,26.95,27.40,26.82,27.03,751200,21.30
2005-06-27,26.27,26.75,26.19,26.70,602000,21.04
2005-06-24,26.31,26.36,25.90,26.14,970600,20.60
2005-06-23,26.15,26.55,26.15,26.31,338000,20.73
2005-06-22,26.05,26.36,25.98,26.33,390200,20.75
2005-06-21,26.15,26.20,25.85,25.95,813900,20.45
2005-06-20,26.09,26.24,25.69,26.13,506400,20.59
2005-06-17,26.15,26.32,25.91,26.05,1061600,20.53
2005-06-16,25.75,26.10,25.70,25.91,558400,20.42
2005-06-15,25.90,26.15,25.67,25.80,776500,20.33
2005-06-14,25.60,25.89,25.42,25.81,592500,20.34
2005-06-13,25.20,25.82,25.05,25.75,1173100,20.29
2005-06-10,25.80,25.88,24.51,25.16,1150500,19.70
2005-06-09,25.78,26.07,25.74,25.93,621900,20.30
2005-06-08,26.20,26.36,25.51,25.68,619800,20.10
2005-06-07,26.52,26.80,26.16,26.27,533200,20.56
2005-06-06,26.82,27.18,26.25,26.60,891700,20.82
2005-06-03,26.87,27.35,26.60,26.78,363100,20.96
2005-06-02,26.94,27.08,26.65,26.87,779700,21.03
2005-06-01,26.55,26.94,26.53,26.88,659900,21.04
2005-05-31,26.90,27.27,26.36,26.51,1081800,20.75
2005-05-27,26.82,26.92,26.43,26.74,457700,20.93
2005-05-26,26.63,26.93,26.58,26.78,503600,20.96
2005-05-25,26.48,26.65,26.00,26.53,442100,20.77
2005-05-24,53.02,53.19,52.50,53.04,492800,20.76
2005-05-23,53.20,53.27,52.87,53.02,652400,20.75
2005-05-20,53.49,53.49,52.83,53.09,354600,20.78
2005-05-19,53.44,53.89,53.26,53.39,427600,20.90
2005-05-18,53.45,53.57,52.97,53.37,1113600,20.89
2005-05-17,53.08,53.55,53.02,53.37,584600,20.89
2005-05-16,52.35,53.38,52.33,53.01,509800,20.75
2005-05-13,53.24,53.24,51.88,52.28,568000,20.46
2005-05-12,53.47,53.77,52.84,53.16,586000,20.81
2005-05-11,53.30,53.62,53.19,53.38,563800,20.89
2005-05-10,53.60,53.79,52.90,53.05,807600,20.76
2005-05-09,53.50,53.56,52.78,53.23,817000,20.83
2005-05-06,52.40,52.56,51.86,52.06,465600,20.38
2005-05-05,52.56,52.86,52.19,52.19,651400,20.43
2005-05-04,51.79,52.84,51.45,52.36,1086400,20.49
2005-05-03,51.50,51.92,51.20,51.59,819000,20.19
2005-05-02,50.40,52.11,50.40,51.34,1603600,20.09
2005-04-29,49.99,50.36,49.85,50.23,1116400,19.66
2005-04-28,50.45,50.45,49.88,49.99,796800,19.57
2005-04-27,50.40,50.60,49.60,50.00,1139200,19.57
2005-04-26,50.25,50.50,49.25,49.53,732800,19.39
2005-04-25,49.40,50.21,49.40,50.18,1145000,19.64
2005-04-22,48.69,49.51,48.69,49.39,668200,19.33
2005-04-21,48.27,48.82,48.20,48.69,706000,19.06
2005-04-20,48.25,49.02,47.94,48.26,1351200,18.89
2005-04-19,46.50,48.00,46.33,48.00,719800,18.79
2005-04-18,45.50,46.45,43.85,46.08,875200,18.04
2005-04-15,46.65,47.34,45.89,46.23,911400,18.09
2005-04-14,47.65,48.22,46.32,46.45,746600,18.18
2005-04-13,47.84,48.43,47.41,47.54,989200,18.61
2005-04-12,46.50,47.99,46.15,47.85,2202800,18.73
2005-04-11,46.15,46.15,45.15,45.20,351200,17.69
2005-04-08,45.90,46.30,45.80,45.97,346400,17.99
2005-04-07,45.83,46.40,45.75,45.96,258600,17.99
2005-04-06,46.22,46.34,45.82,45.82,254800,17.93
2005-04-05,45.92,46.70,45.81,46.21,469400,18.09
2005-04-04,46.15,46.20,45.41,45.88,324000,17.96
2005-04-01,45.45,46.20,45.45,45.91,461000,17.97
2005-03-31,44.98,45.42,44.71,45.42,464000,17.78
2005-03-30,44.40,45.00,44.40,44.96,257200,17.60
2005-03-29,45.03,45.24,44.18,44.24,351000,17.32
2005-03-28,45.15,45.42,44.82,44.88,605400,17.57
2005-03-24,45.15,45.30,44.82,44.96,421200,17.60
2005-03-23,45.82,45.82,44.86,44.95,385600,17.59
2005-03-22,46.78,46.97,45.82,45.83,572000,17.94
2005-03-21,46.08,46.54,45.62,46.16,330200,18.07
2005-03-18,45.83,46.08,45.50,46.08,318800,18.04
2005-03-17,45.68,45.96,45.37,45.83,302400,17.94
2005-03-16,46.40,46.50,45.63,45.70,242600,17.89
2005-03-15,46.98,47.18,46.21,46.30,229000,18.12
2005-03-14,45.80,47.21,45.80,46.98,530200,18.39
2005-03-11,46.20,46.20,45.62,45.66,312400,17.87
2005-03-10,46.38,46.40,45.55,45.98,650600,18.00
2005-03-09,46.00,46.70,45.75,46.38,523400,18.15
2005-03-08,45.48,46.11,45.20,45.96,753800,17.99
2005-03-07,45.13,45.50,45.04,45.44,432600,17.79
2005-03-04,44.40,45.18,44.37,45.12,765800,17.66
2005-03-03,44.50,44.67,44.39,44.45,302000,17.40
2005-03-02,44.61,44.70,44.35,44.52,314600,17.43
2005-03-01,44.50,44.85,44.28,44.51,793800,17.42
2005-02-28,44.36,44.84,44.35,44.75,581600,17.52
2005-02-25,43.65,44.56,43.65,44.36,268000,17.36
2005-02-24,43.80,43.89,43.41,43.62,332600,17.07
2005-02-23,43.95,44.31,43.72,44.05,359200,17.12
2005-02-22,44.64,44.74,43.68,43.72,298400,16.99
2005-02-18,44.74,44.80,44.58,44.67,359800,17.36
2005-02-17,45.10,45.15,44.65,44.71,288800,17.38
2005-02-16,44.86,45.23,44.75,45.13,394000,17.54
2005-02-15,44.82,45.33,44.52,44.85,312400,17.43
2005-02-14,44.98,44.98,44.30,44.50,297400,17.29
2005-02-11,44.42,45.05,44.35,44.73,202200,17.38
2005-02-10,44.25,44.46,44.15,44.39,408200,17.25
2005-02-09,44.20,44.44,43.97,44.00,258800,17.10
2005-02-08,43.95,44.44,43.80,44.23,459600,17.19
2005-02-07,43.88,43.90,43.51,43.77,357800,17.01
2005-02-04,43.80,43.98,43.61,43.90,612400,17.06
2005-02-03,43.50,43.95,43.37,43.89,584000,17.06
2005-02-02,42.60,44.25,42.60,43.50,1195200,16.90
2005-02-01,41.74,42.20,41.72,42.13,467600,16.37
2005-01-31,41.60,42.20,41.60,41.67,655000,16.19
2005-01-28,41.19,41.55,40.95,41.40,356800,16.09
2005-01-27,41.35,41.60,41.07,41.24,384200,16.03
2005-01-26,40.60,41.69,40.55,41.44,664400,16.10
2005-01-25,39.90,40.25,39.89,40.06,384600,15.57
2005-01-24,39.68,39.95,39.65,39.84,250600,15.48
2005-01-21,39.83,40.00,39.53,39.68,322400,15.42
2005-01-20,39.55,40.04,39.20,39.81,317000,15.47
2005-01-19,39.80,39.97,39.51,39.65,421200,15.41
2005-01-18,39.91,40.11,39.44,39.80,521400,15.47
2005-01-14,38.87,39.94,38.75,39.90,343600,15.51
2005-01-13,38.74,39.10,38.55,38.85,377800,15.10
2005-01-12,39.01,39.05,38.41,38.74,269000,15.06
2005-01-11,38.80,39.25,38.50,39.07,357400,15.18
2005-01-10,38.85,39.13,38.80,38.85,351000,15.10
2005-01-07,39.23,39.35,38.77,38.85,342000,15.10
2005-01-06,39.10,39.43,39.10,39.23,186800,15.25
2005-01-05,39.30,39.40,38.85,39.16,425600,15.22
2005-01-04,39.98,39.98,39.15,39.35,535000,15.29
2005-01-03,40.91,41.00,39.73,39.98,347600,15.54
2004-12-31,41.14,41.16,40.71,40.91,128000,15.90
2004-12-30,40.80,41.21,40.80,40.94,142000,15.91
2004-12-29,40.96,41.02,40.66,40.80,157600,15.86
2004-12-28,40.20,40.95,40.14,40.71,215200,15.82
2004-12-27,40.65,40.80,40.47,40.48,155200,15.73
2004-12-23,41.12,41.12,40.60,40.75,161800,15.84
2004-12-22,40.98,41.40,40.94,41.12,227800,15.98
2004-12-21,40.74,41.09,40.49,41.09,176000,15.97
2004-12-20,40.50,40.90,40.30,40.74,319600,15.83
2004-12-17,40.33,40.74,40.33,40.73,289600,15.83
2004-12-16,40.82,41.15,40.32,40.32,484000,15.67
2004-12-15,40.42,40.87,40.32,40.86,119400,15.88
2004-12-14,40.36,40.49,40.05,40.42,281400,15.71
2004-12-13,40.25,40.52,39.90,40.51,191800,15.74
2004-12-10,40.10,40.18,39.60,40.06,265400,15.57
2004-12-09,39.75,40.38,39.73,40.10,277000,15.58
2004-12-08,40.15,40.15,39.36,39.90,356000,15.51
2004-12-07,40.50,40.55,40.25,40.25,410800,15.64
2004-12-06,39.96,40.73,39.77,40.59,341200,15.77
2004-12-03,39.85,40.19,39.71,39.97,493600,15.53
2004-12-02,40.25,40.44,39.72,39.95,445800,15.53
2004-12-01,40.58,40.99,39.97,40.15,759400,15.60
2004-11-30,40.34,41.00,40.20,40.58,559200,15.77
2004-11-29,40.20,40.74,40.08,40.34,661200,15.68
2004-11-26,39.24,40.04,39.18,39.97,370600,15.53
2004-11-24,39.35,39.95,39.25,39.51,1210600,15.23
2004-11-23,39.50,39.65,39.28,39.48,761000,15.22
2004-11-22,39.08,39.60,39.08,39.41,516800,15.19
2004-11-19,39.15,39.25,39.01,39.07,327200,15.06
2004-11-18,39.23,39.46,39.00,39.14,408800,15.09
2004-11-17,39.10,39.85,38.37,39.02,459000,15.04
2004-11-16,38.95,39.60,38.83,38.95,353800,15.02
2004-11-15,39.09,39.16,38.69,39.00,846800,15.04
2004-11-12,38.90,39.23,38.88,39.07,552600,15.06
2004-11-11,38.96,39.09,38.87,38.90,394600,15.00
2004-11-10,38.82,39.15,38.81,38.97,228200,15.02
2004-11-09,39.50,39.56,38.51,38.92,593400,15.01
2004-11-08,40.34,40.34,39.69,39.69,206400,15.30
2004-11-05,40.85,40.85,40.21,40.34,307400,15.55
2004-11-04,40.00,40.71,39.60,40.71,336600,15.70
2004-11-03,38.85,39.99,38.85,39.99,239200,15.42
2004-11-02,38.82,39.34,38.76,38.77,325600,14.95
2004-11-01,38.63,39.11,38.40,38.82,270600,14.97
2004-10-29,38.39,38.79,38.00,38.63,155400,14.89
2004-10-28,38.42,38.42,37.86,38.39,175600,14.80
2004-10-27,38.25,38.51,38.00,38.41,270800,14.81
2004-10-26,37.45,38.24,37.40,38.23,193800,14.74
2004-10-25,37.27,38.10,37.27,37.50,340800,14.46
2004-10-22,37.70,37.74,37.16,37.17,178800,14.33
2004-10-21,38.00,38.31,37.84,37.85,280800,14.59
2004-10-20,38.03,38.35,37.88,38.02,429400,14.66
2004-10-19,37.35,38.14,37.25,38.03,463000,14.66
2004-10-18,37.15,37.71,36.90,37.10,325200,14.30
2004-10-15,37.25,37.50,37.02,37.15,302800,14.32
2004-10-14,37.30,37.57,37.18,37.18,256800,14.33
2004-10-13,38.50,38.60,37.10,37.39,522400,14.42
2004-10-12,37.65,38.47,37.64,38.28,293600,14.76
2004-10-11,37.98,38.06,37.73,37.77,175400,14.56
2004-10-08,37.75,38.07,37.65,37.94,249200,14.63
2004-10-07,38.35,38.35,37.71,37.73,502800,14.55
2004-10-06,39.30,39.30,38.06,38.20,609600,14.73
2004-10-05,38.28,39.72,38.10,39.50,941600,15.23
2004-10-04,37.80,38.16,37.77,37.98,472400,14.64
2004-10-01,37.36,38.00,37.30,37.80,408800,14.57
2004-09-30,36.95,37.35,36.94,37.26,435200,14.37
2004-09-29,36.50,36.98,36.50,36.86,267600,14.21
2004-09-28,36.36,36.60,36.29,36.47,337000,14.06
2004-09-27,35.86,36.31,35.77,36.11,378200,13.92
2004-09-24,35.20,36.06,35.20,35.96,514800,13.86
2004-09-23,35.55,35.65,35.18,35.24,473000,13.59
2004-09-22,35.85,35.85,35.58,35.58,387400,13.72
2004-09-21,35.89,35.89,35.65,35.81,394000,13.81
2004-09-20,35.96,36.00,35.68,35.88,335600,13.83
2004-09-17,36.12,36.20,35.94,36.11,315000,13.92
2004-09-16,35.84,36.16,35.80,36.12,254400,13.93
2004-09-15,35.65,35.95,35.65,35.89,198600,13.84
2004-09-14,35.84,36.70,35.65,35.65,322800,13.74
2004-09-13,35.89,35.89,35.75,35.79,225200,13.80
2004-09-10,35.63,35.91,35.60,35.89,200800,13.84
2004-09-09,35.54,35.75,35.50,35.63,513400,13.74
2004-09-08,35.74,35.74,35.49,35.54,338600,13.70
2004-09-07,35.33,35.74,35.31,35.74,356400,13.78
2004-09-03,35.07,35.44,34.95,35.32,283400,13.62
2004-09-02,35.00,35.07,34.65,35.07,190000,13.52
2004-09-01,34.75,35.24,34.62,34.94,537000,13.47
2004-08-31,33.84,34.16,33.84,34.16,250200,13.17
2004-08-30,34.11,34.35,33.75,33.95,319600,13.09
2004-08-27,34.00,34.28,33.93,34.19,249800,13.18
2004-08-26,34.17,34.42,34.09,34.42,234600,13.15
2004-08-25,33.98,34.29,33.88,34.17,350800,13.05
2004-08-24,33.98,33.99,33.74,33.97,270000,12.98
2004-08-23,33.95,33.99,33.69,33.87,291200,12.94
2004-08-20,33.61,33.85,33.49,33.85,188000,12.93
2004-08-19,33.25,33.67,33.25,33.61,319200,12.84
2004-08-18,32.98,33.44,32.98,33.35,320200,12.74
2004-08-17,33.09,33.10,32.90,33.02,248200,12.61
2004-08-16,32.72,33.10,32.70,33.10,290400,12.65
2004-08-13,32.95,33.09,32.69,32.78,273200,12.52
2004-08-12,33.00,33.08,32.76,33.00,325600,12.61
2004-08-11,32.97,33.03,32.66,32.90,357800,12.57
2004-08-10,33.05,33.08,32.93,33.07,392000,12.63
2004-08-09,33.07,33.24,32.95,33.00,305000,12.61
2004-08-06,33.00,33.29,32.73,32.82,539400,12.54
2004-08-05,33.00,33.29,32.90,33.23,505400,12.69
2004-08-04,32.93,32.99,32.84,32.96,465400,12.59
2004-08-03,32.80,32.97,32.77,32.89,447800,12.57
2004-08-02,32.40,32.74,32.22,32.74,410200,12.51
2004-07-30,32.15,32.46,32.15,32.39,312600,12.37
2004-07-29,31.80,32.30,31.75,32.08,636800,12.26
2004-07-28,31.00,31.71,31.00,31.56,420000,12.06
2004-07-27,30.70,30.95,30.46,30.78,265200,11.76
2004-07-26,30.67,30.77,30.51,30.60,370600,11.69
2004-07-23,31.08,31.10,30.61,30.70,426600,11.73
2004-07-22,31.37,31.37,30.96,31.08,345000,11.87
2004-07-21,31.85,31.85,31.34,31.36,208200,11.98
2004-07-20,31.75,31.80,31.51,31.78,203000,12.14
2004-07-19,31.85,31.90,31.65,31.80,299600,12.15
2004-07-16,31.66,31.88,31.66,31.88,224400,12.18
2004-07-15,31.58,31.64,31.43,31.63,464400,12.08
2004-07-14,31.15,31.60,31.10,31.48,260000,12.03
2004-07-13,31.24,31.47,31.09,31.22,216600,11.93
2004-07-12,31.25,31.40,30.78,31.20,304600,11.92
2004-07-09,31.44,31.44,30.88,31.24,242000,11.93
2004-07-08,31.80,31.88,31.41,31.45,299000,12.01
2004-07-07,31.63,32.02,31.58,31.86,191200,12.17
2004-07-06,32.02,32.02,31.58,31.58,191400,12.06
2004-07-02,31.85,31.97,31.66,31.95,137400,12.21
2004-07-01,32.12,32.16,31.58,31.64,270800,12.09
2004-06-30,31.70,32.15,31.70,32.10,289600,12.26
2004-06-29,31.67,31.78,31.50,31.78,319800,12.14
2004-06-28,32.25,32.25,31.53,31.67,335800,12.10
2004-06-25,31.45,32.25,31.32,32.25,406600,12.32
2004-06-24,31.55,31.80,31.40,31.45,322800,12.01
2004-06-23,31.50,31.70,31.28,31.65,150600,12.09
2004-06-22,31.60,31.70,31.46,31.50,210400,12.03
2004-06-21,31.77,31.89,31.57,31.77,215200,12.14
2004-06-18,31.60,31.87,31.47,31.87,166200,12.18
2004-06-17,31.25,31.65,31.21,31.60,230200,12.07
2004-06-16,31.46,31.61,31.41,31.50,77600,12.03
2004-06-15,31.35,31.61,31.30,31.45,162400,12.01
2004-06-14,31.00,31.55,30.96,31.35,344600,11.98
2004-06-10,31.16,31.35,30.95,31.04,342200,11.86
2004-06-09,31.46,31.58,31.02,31.13,190800,11.89
2004-06-08,31.50,31.50,31.00,31.21,313400,11.92
2004-06-07,31.25,31.53,31.24,31.51,318600,12.04
2004-06-04,31.25,31.52,31.17,31.29,118000,11.95
2004-06-03,31.90,31.90,31.17,31.17,355600,11.91
2004-06-02,31.70,31.95,31.67,31.90,320800,12.19
2004-06-01,31.89,32.23,31.50,31.70,542400,12.11
2004-05-28,32.05,32.12,31.91,32.09,191200,12.26
2004-05-27,31.82,32.14,31.69,32.14,338400,12.28
2004-05-26,31.70,32.02,31.66,31.90,210800,12.19
2004-05-25,31.40,32.12,31.31,32.08,392600,12.14
2004-05-24,31.20,31.55,31.20,31.30,326600,11.84
2004-05-21,31.25,31.40,30.91,31.40,404600,11.88
2004-05-20,30.50,31.10,30.50,31.09,406400,11.76
2004-05-19,30.65,30.76,30.31,30.45,522200,11.52
2004-05-18,30.40,30.73,30.22,30.42,286000,11.51
2004-05-17,30.47,30.57,30.28,30.47,373400,11.53
2004-05-14,30.55,30.81,30.42,30.72,202800,11.62
2004-05-13,29.99,30.91,29.95,30.45,189000,11.52
2004-05-12,30.44,30.47,29.87,29.97,397600,11.34
2004-05-11,29.89,30.55,29.87,30.42,429200,11.51
2004-05-10,31.00,31.00,29.85,29.89,607400,11.31
2004-05-07,31.30,31.52,30.83,31.08,316400,11.76
2004-05-06,31.42,31.60,31.25,31.40,331200,11.88
2004-05-05,31.35,31.75,31.35,31.40,384600,11.88
2004-05-04,31.45,31.68,31.41,31.49,492000,11.91
2004-05-03,31.32,31.51,31.15,31.39,393200,11.88
2004-04-30,31.48,32.08,31.40,31.50,357600,11.92
2004-04-29,32.40,32.41,31.46,31.58,440800,11.95
2004-04-28,32.60,32.68,32.40,32.47,196600,12.28
2004-04-27,32.50,32.70,32.28,32.53,348800,12.31
2004-04-26,32.11,32.84,32.11,32.60,499200,12.33
2004-04-23,32.30,32.32,31.96,32.18,341600,12.17
2004-04-22,31.65,32.30,31.56,32.30,350800,12.22
2004-04-21,31.51,31.73,31.29,31.73,281800,12.00
2004-04-20,31.80,31.88,31.40,31.51,195200,11.92
2004-04-19,32.11,32.14,31.68,31.68,202600,11.98
2004-04-16,32.10,32.21,32.10,32.12,192400,12.15
2004-04-15,31.55,32.08,31.55,32.08,668000,12.14
2004-04-14,32.20,32.20,31.58,31.69,227000,11.99
2004-04-13,32.41,32.41,32.00,32.14,218800,12.16
2004-04-12,33.05,33.08,32.32,32.48,241800,12.29
2004-04-08,32.92,33.08,32.90,32.93,163200,12.46
2004-04-07,33.15,33.19,32.85,32.95,168600,12.47
2004-04-06,33.30,33.35,33.12,33.20,238600,12.56
2004-04-05,32.92,33.40,32.80,33.33,334800,12.61
2004-04-02,33.25,33.30,32.74,32.96,257600,12.47
2004-04-01,32.50,33.26,32.50,33.25,419200,12.58
2004-03-31,32.20,32.95,32.15,32.92,550200,12.45
2004-03-30,32.55,32.55,32.14,32.14,305000,12.16
2004-03-29,32.20,32.55,32.11,32.55,306600,12.31
2004-03-26,32.12,32.19,32.10,32.15,226400,12.16
2004-03-25,32.15,32.19,32.10,32.17,268200,12.17
2004-03-24,32.12,32.21,32.06,32.10,466200,12.14
2004-03-23,32.25,32.30,32.10,32.15,396400,12.16
2004-03-22,32.31,32.48,32.10,32.15,695800,12.16
2004-03-19,31.90,32.50,31.80,32.50,5049200,12.29
2004-03-18,32.90,32.90,32.10,32.10,1364800,12.14
2004-03-17,33.09,33.20,32.91,32.93,365800,12.46
2004-03-16,33.00,33.29,32.91,32.91,208400,12.45
2004-03-15,33.25,33.32,32.79,33.00,441400,12.48
2004-03-12,32.39,33.47,32.39,33.39,644200,12.63
2004-03-11,32.50,32.65,32.23,32.39,330600,12.25
2004-03-10,32.77,33.01,32.45,32.50,199000,12.29
2004-03-09,33.01,33.25,32.84,32.97,186400,12.47
2004-03-08,33.05,33.10,32.91,33.01,100600,12.49
2004-03-05,32.95,32.99,32.85,32.87,110600,12.43
2004-03-04,32.90,32.95,32.75,32.91,107600,12.45
2004-03-03,33.15,33.15,32.92,32.96,91800,12.47
2004-03-02,33.00,33.43,33.00,33.06,184000,12.51
2004-03-01,33.10,33.19,32.81,33.05,125000,12.50
2004-02-27,32.52,33.10,32.52,33.10,180600,12.52
2004-02-26,32.40,32.73,32.40,32.59,267200,12.33
2004-02-25,32.55,32.55,32.40,32.51,140800,12.30
2004-02-24,32.54,32.70,32.48,32.60,313400,12.22
2004-02-23,32.71,32.76,32.50,32.54,156200,12.20
2004-02-20,32.65,32.76,32.50,32.72,172600,12.27
2004-02-19,32.84,32.99,32.50,32.52,131600,12.19
2004-02-18,32.70,32.88,32.60,32.77,153800,12.29
2004-02-17,32.60,32.80,32.50,32.80,152000,12.30
2004-02-13,32.55,32.70,32.50,32.51,160400,12.19
2004-02-12,32.60,32.75,32.54,32.64,93200,12.24
2004-02-11,32.77,32.80,32.50,32.76,187600,12.28
2004-02-10,32.57,32.77,32.50,32.77,344000,12.29
2004-02-09,32.53,32.80,32.40,32.57,372200,12.21
2004-02-06,32.15,32.58,32.11,32.53,475600,12.20
2004-02-05,32.60,32.60,32.15,32.24,505600,12.09
2004-02-04,32.51,32.57,31.90,31.90,417000,11.96
2004-02-03,32.25,32.67,32.25,32.56,368800,12.21
2004-02-02,32.15,32.35,32.15,32.31,316400,12.12
2004-01-30,31.90,32.35,31.87,32.25,345400,12.09
2004-01-29,32.12,32.20,31.51,31.90,721600,11.96
2004-01-28,32.20,32.53,32.10,32.30,479000,12.11
2004-01-27,31.85,32.29,31.85,32.09,298400,12.03
2004-01-26,31.99,32.20,31.80,31.94,458000,11.98
2004-01-23,32.43,32.45,31.40,31.99,1057000,12.00
2004-01-22,33.70,33.73,32.08,32.43,743600,12.16
2004-01-21,33.90,33.95,33.65,33.74,577600,12.65
2004-01-20,34.18,34.28,33.95,33.95,351800,12.73
2004-01-16,34.25,34.33,34.05,34.15,105000,12.81
2004-01-15,34.25,34.30,34.01,34.17,188400,12.81
2004-01-14,34.20,34.35,34.02,34.35,125400,12.88
2004-01-13,34.28,34.29,33.79,34.29,260000,12.86
2004-01-12,34.02,34.31,33.92,34.31,224200,12.87
2004-01-09,34.00,34.09,33.89,34.03,228800,12.76
2004-01-08,33.90,34.14,33.87,34.14,256000,12.80
2004-01-07,33.75,33.81,33.60,33.80,278400,12.67
2004-01-06,34.10,34.13,33.65,33.65,330400,12.62
2004-01-05,34.10,34.12,33.85,34.09,463200,12.78
2004-01-02,33.85,34.10,33.85,33.98,98000,12.74
2003-12-31,34.05,34.10,33.83,33.90,203600,12.71
2003-12-30,33.80,34.07,33.80,34.05,186000,12.77
2003-12-29,34.13,34.20,33.82,33.84,149400,12.69
2003-12-26,34.03,34.10,33.77,33.98,123400,12.74
2003-12-24,33.90,34.11,33.72,34.00,75600,12.75
2003-12-23,33.68,34.00,33.59,34.00,298400,12.75
2003-12-22,33.46,33.68,33.31,33.68,495800,12.63
2003-12-19,33.36,33.62,33.36,33.57,679000,12.59
2003-12-18,33.27,33.54,33.05,33.54,227600,12.58
2003-12-17,33.13,33.37,32.93,33.37,164600,12.51
2003-12-16,32.80,33.12,32.70,32.90,171200,12.34
2003-12-15,33.37,33.49,32.95,32.95,185400,12.36
2003-12-12,33.03,33.20,32.91,33.20,110000,12.45
2003-12-11,32.60,33.04,32.60,33.03,250200,12.39
2003-12-10,32.89,32.94,32.68,32.68,292200,12.25
2003-12-09,32.92,32.93,32.73,32.90,155600,12.34
2003-12-08,32.35,33.02,32.10,33.02,226000,12.38
2003-12-05,32.90,32.95,32.23,32.53,215400,12.20
2003-12-04,32.55,32.92,32.55,32.90,172200,12.34
2003-12-03,33.25,33.25,32.50,32.50,196000,12.19
2003-12-02,33.49,33.50,33.27,33.27,161000,12.48
2003-12-01,32.50,33.45,32.35,33.42,373400,12.53
2003-11-28,32.55,32.69,32.35,32.35,51000,12.13
2003-11-26,32.60,32.60,32.35,32.48,123000,12.18
2003-11-25,32.05,32.60,32.00,32.60,308200,12.22
2003-11-24,31.05,32.21,31.04,32.20,506800,11.97
2003-11-21,31.03,31.76,30.97,31.11,355800,11.56
2003-11-20,31.15,31.33,30.86,31.03,198200,11.53
2003-11-19,31.75,31.88,31.28,31.31,256800,11.64
2003-11-18,31.85,31.95,31.25,31.35,138000,11.65
2003-11-17,32.00,32.00,31.40,31.74,125000,11.80
2003-11-14,32.05,32.08,31.81,31.90,117400,11.86
2003-11-13,32.25,32.25,32.00,32.05,166400,11.91
2003-11-12,31.70,32.25,31.63,32.25,216800,11.99
2003-11-11,31.65,31.73,31.50,31.71,195000,11.79
2003-11-10,31.36,31.73,31.32,31.73,297600,11.79
2003-11-07,31.00,31.43,30.98,31.37,306200,11.66
2003-11-06,30.88,31.00,30.70,31.00,119000,11.52
2003-11-05,30.98,30.98,30.58,30.81,149800,11.45
2003-11-04,31.05,31.26,30.81,30.98,394000,11.51
2003-11-03,30.79,31.21,30.57,31.21,431000,11.60
2003-10-31,30.50,30.80,30.33,30.80,146000,11.45
2003-10-30,30.70,30.80,30.52,30.65,173400,11.39
2003-10-29,30.90,30.91,30.62,30.70,207200,11.41
2003-10-28,30.80,31.05,30.70,30.81,320000,11.45
2003-10-27,30.90,30.91,30.71,30.88,254000,11.48
2003-10-24,30.95,30.97,30.68,30.82,235000,11.46
2003-10-23,30.86,30.98,30.50,30.98,244000,11.51
2003-10-22,31.03,31.04,30.72,30.85,381600,11.47
2003-10-21,31.15,31.22,30.95,31.00,332800,11.52
2003-10-20,31.30,31.30,30.91,31.26,281200,11.62
2003-10-17,31.30,31.35,31.07,31.35,324400,11.65
2003-10-16,31.05,31.43,30.95,31.43,286400,11.68
2003-10-15,31.27,31.44,31.06,31.20,479600,11.60
2003-10-14,31.07,31.34,31.04,31.28,367400,11.63
2003-10-13,31.14,31.18,30.96,31.07,239600,11.55
2003-10-10,30.90,31.10,30.86,31.04,191000,11.54
2003-10-09,31.00,31.10,30.95,31.04,606600,11.54
2003-10-08,31.08,31.08,30.77,31.02,461800,11.53
2003-10-07,31.08,31.10,30.93,31.08,272200,11.55
2003-10-06,30.95,31.08,30.64,31.08,560600,11.55
2003-10-03,30.75,30.89,30.47,30.85,614400,11.47
2003-10-02,29.45,29.98,29.45,29.96,378600,11.14
2003-10-01,28.90,29.29,28.85,29.25,472200,10.87
2003-09-30,28.98,29.10,28.91,28.93,454600,10.75
2003-09-29,28.90,29.10,28.86,28.99,443800,10.77
2003-09-26,29.28,29.30,29.02,29.03,240200,10.79
2003-09-25,29.55,29.55,29.03,29.13,513800,10.83
2003-09-24,29.70,29.70,29.41,29.41,248400,10.93
2003-09-23,29.83,29.90,29.70,29.71,293600,11.04
2003-09-22,29.90,30.08,29.78,29.84,440200,11.09
2003-09-19,29.80,30.12,29.80,29.94,386800,11.13
2003-09-18,29.80,29.88,29.72,29.78,243600,11.07
2003-09-17,29.89,29.89,29.69,29.80,201000,11.08
2003-09-16,29.82,29.90,29.82,29.82,212200,11.08
2003-09-15,29.86,30.00,29.75,29.83,300400,11.09
2003-09-12,29.90,30.13,29.85,29.85,495600,11.09
2003-09-11,29.92,30.08,29.80,29.90,361200,11.11
2003-09-10,29.86,30.05,29.78,29.81,629600,11.08
2003-09-09,30.31,30.31,29.84,29.85,496200,11.09
2003-09-08,30.50,30.53,30.24,30.34,399800,11.28
2003-09-05,30.74,30.74,30.26,30.41,465600,11.30
2003-09-04,30.95,31.04,30.61,30.74,311800,11.43
2003-09-03,30.55,31.09,30.51,30.83,215400,11.46
2003-09-02,30.35,30.75,30.30,30.62,317000,11.38
2003-08-29,30.01,30.56,30.01,30.55,265800,11.35
2003-08-28,29.83,30.10,29.83,30.01,342600,11.15
2003-08-27,30.10,30.20,29.88,29.88,340000,11.11
2003-08-26,30.05,30.19,29.73,30.11,2409400,11.09
2003-08-25,30.20,30.32,29.95,30.00,280400,11.04
2003-08-22,30.85,30.90,30.08,30.09,431200,11.08
2003-08-21,30.75,30.79,30.43,30.70,424200,11.30
2003-08-20,30.19,30.60,30.18,30.60,232600,11.27
2003-08-19,29.90,30.19,29.90,30.05,164400,11.06
2003-08-18,29.85,30.06,29.81,29.90,321400,11.01
2003-08-15,29.80,30.00,29.70,29.89,91200,11.00
2003-08-14,29.65,29.85,29.50,29.84,378000,10.99
2003-08-13,29.65,29.76,29.50,29.55,374000,10.88
2003-08-12,30.00,30.06,29.60,29.79,514600,10.97
2003-08-11,29.80,30.15,29.77,30.08,232200,11.07
2003-08-08,29.68,30.08,29.65,30.05,215000,11.06
2003-08-07,29.30,29.90,29.27,29.90,420800,11.01
2003-08-06,29.30,29.32,28.94,29.18,407200,10.74
2003-08-05,29.73,29.96,29.06,29.15,760200,10.73
2003-08-04,30.05,30.40,29.65,29.73,565000,10.95
2003-08-01,31.45,31.46,30.92,30.95,350800,11.39
2003-07-31,31.50,31.58,31.00,31.57,344000,11.62
2003-07-30,31.50,31.80,30.90,31.71,604400,11.67
2003-07-29,32.00,32.00,31.50,31.70,255000,11.67
2003-07-28,32.15,32.16,31.70,32.13,363600,11.83
2003-07-25,32.35,32.50,32.13,32.17,156400,11.84
2003-07-24,32.70,32.73,32.35,32.55,168600,11.98
2003-07-23,32.35,32.65,32.23,32.61,92000,12.01
2003-07-22,32.60,32.63,32.23,32.35,267800,11.91
2003-07-21,32.49,32.63,32.12,32.50,276200,11.97
2003-07-18,32.45,32.61,32.30,32.60,204400,12.00
2003-07-17,32.45,32.85,32.24,32.37,386400,11.92
2003-07-16,32.92,33.07,32.20,32.57,379200,11.99
2003-07-15,33.07,33.09,32.87,32.97,280600,12.14
2003-07-14,33.25,33.25,32.87,33.19,298800,12.22
2003-07-11,33.20,33.40,33.04,33.23,445200,12.23
2003-07-10,33.45,33.45,32.77,33.00,249400,12.15
2003-07-09,33.29,33.43,33.11,33.30,329800,12.26
2003-07-08,33.35,33.35,32.90,33.29,309800,12.26
2003-07-07,33.14,33.39,32.97,33.39,353800,12.29
2003-07-03,33.30,33.32,32.85,32.94,203600,12.13
2003-07-02,32.25,33.40,32.25,33.40,694200,12.30
2003-07-01,31.65,32.67,31.65,32.35,589200,11.91
2003-06-30,31.51,31.70,31.08,31.70,1717000,11.67
2003-06-27,31.51,31.90,31.40,31.63,464000,11.64
2003-06-26,31.48,31.57,30.70,31.50,1124000,11.60
2003-06-25,32.15,32.15,31.45,31.48,782600,11.59
2003-06-24,32.10,32.60,32.05,32.05,461400,11.80
2003-06-23,32.85,32.95,32.12,32.30,488200,11.89
2003-06-20,33.25,33.25,32.91,32.99,314400,12.15
2003-06-19,33.70,33.90,32.90,33.15,366000,12.20
2003-06-18,33.70,33.86,33.20,33.82,289800,12.45
2003-06-17,34.00,34.09,33.70,33.74,371800,12.42
2003-06-16,33.45,33.80,33.26,33.80,408400,12.44
2003-06-13,34.35,34.35,33.08,33.33,505600,12.27
2003-06-12,34.00,34.13,33.82,34.01,310400,12.52
2003-06-11,34.30,34.35,33.79,34.05,371000,12.54
2003-06-10,34.15,34.15,33.78,34.08,367000,12.55
2003-06-09,34.10,34.10,33.77,34.01,225800,12.52
2003-06-06,34.69,34.80,34.21,34.21,375400,12.59
2003-06-05,35.05,35.05,34.42,34.69,274000,12.77
2003-06-04,34.00,34.99,33.85,34.90,383800,12.85
2003-06-03,34.00,34.25,33.80,34.25,485600,12.61
2003-06-02,34.10,34.39,33.97,34.14,529800,12.57
2003-05-30,33.75,34.49,33.60,34.20,782400,12.59
2003-05-29,33.80,33.80,33.25,33.60,994600,12.37
2003-05-28,34.15,34.15,33.60,33.74,729200,12.42
2003-05-27,32.68,34.22,32.68,34.20,1754400,12.49
2003-05-23,32.25,32.80,32.05,32.62,430800,11.91
2003-05-22,31.60,32.19,31.25,32.04,491800,11.70
2003-05-21,31.10,31.37,30.87,31.37,392200,11.45
2003-05-20,30.88,31.20,30.72,31.19,377800,11.39
2003-05-19,31.22,31.23,30.74,30.80,414800,11.24
2003-05-16,30.97,31.13,30.60,30.60,520400,11.17
2003-05-15,31.02,31.24,30.85,31.17,208400,11.38
2003-05-14,31.00,31.19,30.90,31.07,233000,11.34
2003-05-13,31.25,31.28,30.96,31.19,279000,11.39
2003-05-12,30.70,31.55,30.70,31.35,313600,11.45
2003-05-09,31.05,31.38,31.00,31.10,326600,11.35
2003-05-08,30.70,31.52,30.70,31.24,347600,11.41
2003-05-07,31.45,31.70,31.10,31.10,517800,11.35
2003-05-06,31.64,31.71,31.10,31.64,721200,11.55
2003-05-05,32.40,32.41,31.50,31.64,707200,11.55
2003-05-02,31.55,32.50,31.50,32.40,432600,11.83
2003-05-01,31.85,32.10,31.23,31.23,396200,11.40
2003-04-30,31.55,31.84,31.25,31.60,954600,11.54
2003-04-29,31.12,32.25,31.01,31.25,541400,11.41
2003-04-28,30.90,31.57,30.86,31.12,348400,11.36
2003-04-25,30.91,30.97,30.32,30.76,256000,11.23
2003-04-24,30.85,31.27,30.85,30.90,182800,11.28
2003-04-23,30.80,31.12,30.65,31.05,259200,11.34
2003-04-22,30.35,31.03,30.20,30.70,388400,11.21
2003-04-21,30.40,30.57,30.24,30.35,409000,11.08
2003-04-17,30.70,30.70,30.25,30.25,440800,11.04
2003-04-16,30.30,30.67,30.01,30.55,466800,11.15
2003-04-15,30.25,30.25,29.78,30.14,362200,11.00
2003-04-14,29.00,29.89,29.00,29.80,675000,10.88
2003-04-11,30.72,30.73,29.70,29.85,613800,10.90
2003-04-10,31.17,31.25,30.22,30.77,391000,11.23
2003-04-09,31.34,31.85,30.95,31.27,280600,11.42
2003-04-08,30.85,31.49,30.80,31.34,241000,11.44
2003-04-07,31.35,31.88,30.73,30.91,320000,11.29
2003-04-04,30.35,31.02,30.35,30.83,334600,11.26
2003-04-03,30.64,30.72,30.45,30.45,439000,11.12
2003-04-02,32.50,32.55,30.45,30.64,625200,11.19
2003-04-01,46.05,46.18,45.69,45.99,559800,11.19
2003-03-31,45.50,45.80,45.15,45.70,528900,11.12
2003-03-28,45.38,45.85,45.26,45.50,638700,11.07
2003-03-27,44.65,45.40,44.43,45.38,332400,11.05
2003-03-26,45.14,45.26,44.52,44.65,298500,10.87
2003-03-25,44.90,45.21,44.75,45.15,406800,10.99
2003-03-24,45.05,45.25,44.45,45.01,467100,10.96
2003-03-21,44.85,45.30,44.62,45.30,634500,11.03
2003-03-20,44.60,44.99,44.58,44.85,412500,10.92
2003-03-19,44.62,44.85,44.40,44.70,331800,10.88
2003-03-18,44.60,44.99,44.40,44.80,543000,10.90
2003-03-17,43.80,44.70,43.78,44.70,574200,10.88
2003-03-14,43.55,43.90,43.30,43.85,650400,10.67
2003-03-13,43.02,43.70,42.90,43.70,451800,10.64
2003-03-12,42.80,43.17,42.57,43.01,429000,10.47
2003-03-11,42.60,42.98,42.60,42.80,627000,10.42
2003-03-10,42.40,42.80,42.35,42.49,455100,10.34
2003-03-07,42.02,42.61,42.02,42.49,434100,10.34
2003-03-06,42.01,42.24,41.80,42.06,385500,10.24
2003-03-05,41.65,42.07,41.64,42.00,395700,10.22
2003-03-04,41.20,41.76,41.20,41.65,258000,10.14
2003-03-03,41.55,41.99,41.12,41.25,465300,10.04
2003-02-28,41.55,41.90,41.40,41.40,501900,10.08
2003-02-27,41.96,41.99,41.46,41.50,698700,10.10
2003-02-26,42.12,42.12,41.51,41.71,691500,10.15
2003-02-25,41.50,42.55,41.50,42.55,2017500,10.25
2003-02-24,42.09,42.10,41.52,41.62,411600,10.03
2003-02-21,41.69,42.13,41.60,42.07,306300,10.14
2003-02-20,41.37,41.93,41.30,41.69,433500,10.05
2003-02-19,41.16,41.60,41.15,41.36,713700,9.97
2003-02-18,41.14,41.45,40.95,41.26,461100,9.94
2003-02-14,40.25,41.12,40.11,41.12,569100,9.91
2003-02-13,39.90,40.70,39.05,40.70,563400,9.81
2003-02-12,40.50,40.74,39.79,39.95,312900,9.63
2003-02-11,41.09,41.26,40.22,40.53,563100,9.77
2003-02-10,40.97,41.46,40.90,41.09,570000,9.90
2003-02-07,41.20,41.35,40.93,40.93,442800,9.86
2003-02-06,40.99,41.59,40.80,41.08,678000,9.90
2003-02-05,41.10,41.20,40.82,40.98,478500,9.87
2003-02-04,40.98,41.23,40.85,40.99,908400,9.88
2003-02-03,41.83,41.83,40.53,40.90,1113300,9.85
2003-01-31,39.90,41.83,39.90,41.83,911100,10.08
2003-01-30,39.55,40.19,39.40,39.77,412800,9.58
2003-01-29,38.70,39.49,38.65,39.35,675900,9.48
2003-01-28,38.20,38.80,38.04,38.60,849300,9.30
2003-01-27,38.31,38.45,37.94,38.09,545700,9.18
2003-01-24,38.60,38.60,38.10,38.31,540000,9.23
2003-01-23,38.35,38.80,38.28,38.65,333900,9.31
2003-01-22,38.01,38.26,37.90,38.23,302700,9.21
2003-01-21,38.01,38.47,37.96,38.00,329100,9.16
2003-01-17,37.85,38.31,37.81,38.00,426000,9.16
2003-01-16,37.98,38.30,37.82,37.90,371100,9.13
2003-01-15,38.30,38.30,37.85,37.85,496200,9.12
2003-01-14,38.12,38.40,38.00,38.26,276000,9.22
2003-01-13,38.09,38.40,37.44,38.12,183000,9.18
2003-01-10,38.45,38.56,37.97,38.07,264600,9.17
2003-01-09,38.00,38.75,38.00,38.55,267600,9.29
2003-01-08,38.20,38.39,37.95,38.05,294300,9.17
2003-01-07,39.30,39.30,37.98,38.39,447900,9.25
2003-01-06,38.35,39.40,38.35,39.31,365100,9.47
2003-01-03,38.01,38.59,38.00,38.35,301800,9.24
2003-01-02,37.40,38.10,37.40,38.00,269700,9.16
2002-12-31,37.67,38.00,37.39,37.39,410100,9.01
2002-12-30,37.49,37.79,37.31,37.65,346200,9.07
2002-12-27,37.77,37.81,37.30,37.46,213600,9.03
2002-12-26,37.60,37.95,37.28,37.76,204900,9.10
2002-12-24,37.60,37.65,37.10,37.50,294600,9.04
2002-12-23,37.65,37.90,37.45,37.60,415500,9.06
2002-12-20,37.50,37.80,37.49,37.80,442500,9.11
2002-12-19,37.15,37.50,37.13,37.50,408600,9.04
2002-12-18,37.65,37.65,37.16,37.30,214500,8.99
2002-12-17,38.00,38.15,37.35,37.70,255000,9.08
2002-12-16,37.40,38.00,37.39,38.00,245400,9.16
2002-12-13,37.47,37.77,37.25,37.25,258300,8.98
2002-12-12,37.30,37.74,37.15,37.45,357000,9.02
2002-12-11,37.00,37.45,36.86,37.27,298800,8.98
2002-12-10,36.90,37.19,36.71,37.14,420900,8.95
2002-12-09,37.00,37.39,36.78,36.78,287100,8.86
2002-12-06,37.05,37.23,36.70,37.12,366600,8.94
2002-12-05,36.95,37.22,36.80,37.22,321000,8.97
2002-12-04,37.16,37.71,36.97,37.01,207000,8.92
2002-12-03,37.00,37.74,37.00,37.15,342900,8.95
2002-12-02,36.80,37.46,36.80,37.24,377400,8.97
2002-11-29,37.30,37.50,36.80,36.80,197700,8.87
2002-11-27,37.58,37.84,37.20,37.50,300000,9.04
2002-11-26,37.78,38.07,37.33,37.58,364500,9.05
2002-11-25,38.28,38.80,38.28,38.49,1592700,9.17
2002-11-22,37.90,38.55,37.89,38.28,378000,9.12
2002-11-21,38.86,38.86,37.52,37.73,366900,8.99
2002-11-20,38.60,39.24,38.51,38.80,385200,9.25
2002-11-19,38.61,38.61,37.80,38.12,248700,9.09
2002-11-18,39.00,39.24,38.41,38.60,271800,9.20
2002-11-15,38.65,39.39,38.50,39.02,251100,9.30
2002-11-14,38.05,38.99,38.05,38.75,165900,9.24
2002-11-13,37.77,38.45,37.59,38.06,160500,9.07
2002-11-12,38.01,38.61,37.52,37.80,262800,9.01
2002-11-11,37.90,38.58,37.55,38.05,342900,9.07
2002-11-08,38.40,38.88,38.00,38.38,250800,9.15
2002-11-07,39.70,39.73,38.25,38.25,354300,9.12
2002-11-06,40.40,40.49,39.70,39.85,326100,9.50
2002-11-05,39.50,40.20,39.07,40.20,320700,9.58
2002-11-04,39.90,40.00,39.15,39.36,262500,9.38
2002-11-01,38.79,39.65,38.70,39.65,448200,9.45
2002-10-31,38.65,39.00,38.01,38.79,432900,9.25
2002-10-30,38.43,38.85,38.24,38.75,753300,9.24
2002-10-29,38.55,38.55,37.51,38.48,281400,9.17
2002-10-28,38.89,38.89,38.15,38.30,273900,9.13
2002-10-25,38.25,38.89,38.00,38.89,313800,9.27
2002-10-24,39.00,39.29,38.00,38.18,656100,9.10
2002-10-23,38.70,39.35,38.40,38.94,600300,9.28
2002-10-22,38.35,38.77,37.93,38.74,698100,9.23
2002-10-21,37.40,38.20,37.21,38.10,373800,9.08
2002-10-18,37.10,37.45,36.77,37.30,260400,8.89
2002-10-17,36.85,37.26,36.50,36.90,453900,8.80
2002-10-16,37.65,37.65,36.15,36.60,378900,8.72
2002-10-15,36.90,37.73,36.79,37.70,678900,8.99
2002-10-14,36.75,37.34,36.41,36.90,356400,8.80
2002-10-11,36.98,37.37,36.10,36.26,291300,8.64
2002-10-10,35.10,37.30,34.90,37.00,485700,8.82
2002-10-09,36.80,36.90,35.17,35.21,453000,8.39
2002-10-08,37.00,37.22,36.47,37.00,762600,8.82
2002-10-07,37.10,37.74,37.00,37.15,436800,8.86
2002-10-04,38.20,38.20,36.56,37.20,580500,8.87
2002-10-03,37.45,38.05,37.29,37.95,402000,9.05
2002-10-02,37.20,37.90,37.10,37.30,492000,8.89
2002-10-01,36.40,37.50,36.06,37.10,704100,8.84
2002-09-30,35.30,36.35,34.95,36.35,485100,8.66
2002-09-27,36.50,36.76,35.41,35.50,316500,8.46
2002-09-26,35.10,36.65,35.05,36.65,435600,8.74
2002-09-25,34.00,35.34,33.85,35.00,348600,8.34
2002-09-24,34.00,34.35,33.86,33.97,422700,8.10
2002-09-23,33.90,34.20,33.58,34.06,324600,8.12
2002-09-20,34.07,34.10,33.65,33.85,258900,8.07
2002-09-19,34.60,34.60,33.79,33.82,239700,8.06
2002-09-18,34.50,34.98,34.27,34.65,278700,8.26
2002-09-17,35.27,35.42,34.50,34.50,348600,8.22
2002-09-16,35.10,35.40,35.04,35.27,218100,8.41
2002-09-13,34.58,35.59,34.50,35.51,333300,8.46
2002-09-12,34.80,34.80,34.50,34.57,248700,8.24
2002-09-11,34.90,35.47,34.88,34.95,199200,8.33
2002-09-10,35.60,35.60,34.52,34.92,264000,8.32
2002-09-09,35.15,35.80,34.35,35.75,327900,8.52
2002-09-06,35.05,35.30,34.80,35.10,289800,8.37
2002-09-05,35.00,35.35,34.84,34.95,306600,8.33
2002-09-04,34.55,35.27,34.34,35.00,419400,8.34
2002-09-03,35.16,35.25,34.00,34.55,294300,8.24
2002-08-30,34.70,35.50,34.39,35.15,335700,8.38
2002-08-29,34.65,34.75,33.85,34.62,403800,8.25
2002-08-28,35.05,35.40,34.60,34.60,303600,8.25
2002-08-27,36.05,36.48,35.45,35.46,1848000,8.35
2002-08-26,35.40,36.10,35.36,35.96,375300,8.47
2002-08-23,35.95,36.07,35.30,35.35,260700,8.33
2002-08-22,36.25,36.25,35.60,35.87,470100,8.45
2002-08-21,35.55,36.27,35.00,36.27,329400,8.54
2002-08-20,34.95,35.48,34.76,35.20,189900,8.29
2002-08-19,34.80,35.00,34.60,34.85,141300,8.21
2002-08-16,34.60,35.40,34.32,34.45,332400,8.12
2002-08-15,34.40,34.98,34.40,34.60,306000,8.15
2002-08-14,33.01,34.25,33.01,34.25,334200,8.07
2002-08-13,33.65,33.65,32.92,33.00,301200,7.77
2002-08-12,33.00,33.79,32.95,33.61,217500,7.92
2002-08-09,33.12,33.50,33.00,33.14,192300,7.81
2002-08-08,32.60,33.24,32.56,33.12,383100,7.80
2002-08-07,32.02,32.60,31.91,32.41,216300,7.64
2002-08-06,32.00,32.07,31.60,31.99,341400,7.54
2002-08-05,31.18,31.85,31.16,31.40,277800,7.40
2002-08-02,32.10,32.13,31.18,31.18,296400,7.35
2002-08-01,31.40,31.82,30.90,31.65,360300,7.46
2002-07-31,31.55,32.10,30.81,31.00,490800,7.30
2002-07-30,30.41,31.75,30.41,31.55,264600,7.43
2002-07-29,29.00,30.56,29.00,30.41,306300,7.16
2002-07-26,28.65,29.20,28.52,29.20,237600,6.88
2002-07-25,26.90,28.80,26.78,28.40,585000,6.69
2002-07-24,26.60,27.30,25.67,26.90,760200,6.34
2002-07-23,27.79,27.79,26.45,26.60,456600,6.27
2002-07-22,28.60,28.60,27.35,27.75,239700,6.54
2002-07-19,29.20,29.35,27.30,28.60,527700,6.74
2002-07-18,30.49,30.49,29.41,29.43,199200,6.93
2002-07-17,30.45,30.80,29.90,30.49,133500,7.18
2002-07-16,30.70,31.00,30.09,30.45,258600,7.17
2002-07-15,30.05,30.90,29.31,30.90,447900,7.28
2002-07-12,29.65,30.31,29.40,29.99,327900,7.07
2002-07-11,30.00,30.45,29.50,29.50,526500,6.95
2002-07-10,31.87,31.95,29.90,29.90,408000,7.04
2002-07-09,32.05,32.19,31.60,31.85,147600,7.50
2002-07-08,32.27,32.55,32.04,32.04,188100,7.55
2002-07-05,31.75,32.38,31.68,32.29,97800,7.61
2002-07-03,32.15,32.15,31.53,31.65,138000,7.46
2002-07-02,33.08,33.08,32.11,32.14,172500,7.57
2002-07-01,31.95,33.02,31.90,32.88,356700,7.75
2002-06-28,31.85,32.47,31.78,31.94,386400,7.52
2002-06-27,31.30,31.98,31.00,31.90,303900,7.52
2002-06-26,31.60,31.60,31.00,31.13,297900,7.33
2002-06-25,31.45,32.00,31.45,31.65,317100,7.46
2002-06-24,31.35,31.64,31.26,31.38,205200,7.39
2002-06-21,31.64,31.89,31.30,31.30,270300,7.37
2002-06-20,31.16,31.99,31.05,31.39,258000,7.40
2002-06-19,31.36,31.96,31.10,31.15,300900,7.34
2002-06-18,31.26,31.69,31.12,31.26,208800,7.36
2002-06-17,30.01,31.26,29.97,31.26,225000,7.36
2002-06-14,30.00,30.28,29.40,30.00,297000,7.07
2002-06-13,30.20,30.41,29.82,30.00,168000,7.07
2002-06-12,29.85,30.23,29.65,30.23,173100,7.12
2002-06-11,29.80,30.10,29.70,29.92,165000,7.05
2002-06-10,30.04,30.15,29.80,29.96,244800,7.06
2002-06-07,29.60,29.94,29.50,29.87,175200,7.04
2002-06-06,30.25,30.40,29.65,29.80,243600,7.02
2002-06-05,30.70,30.78,30.20,30.35,140100,7.15
2002-06-04,30.40,30.84,30.10,30.75,153600,7.24
2002-06-03,31.20,31.20,30.32,30.54,193800,7.19
2002-05-31,32.00,32.00,31.00,31.00,300600,7.30
2002-05-30,31.61,32.14,31.22,31.67,121500,7.46
2002-05-29,32.10,32.35,31.53,31.60,240600,7.44
2002-05-28,32.15,32.50,31.85,32.40,3163200,7.54
2002-05-24,32.50,32.75,32.05,32.12,188400,7.47
2002-05-23,31.83,32.50,31.65,32.50,142500,7.56
2002-05-22,31.85,32.05,31.50,31.81,124800,7.40
2002-05-21,31.40,31.80,31.00,31.80,321300,7.40
2002-05-20,31.90,31.96,31.25,31.25,154500,7.27
2002-05-17,31.85,32.05,31.19,31.85,139200,7.41
2002-05-16,32.50,32.75,31.90,31.93,146400,7.43
2002-05-15,32.80,32.95,32.25,32.60,151500,7.58
2002-05-14,32.05,32.80,32.05,32.75,178200,7.62
2002-05-13,31.77,32.05,31.66,31.95,145500,7.43
2002-05-10,32.03,32.25,31.38,31.77,144300,7.39
2002-05-09,32.40,32.71,31.89,32.15,136500,7.48
2002-05-08,31.90,32.60,31.90,32.51,182100,7.56
2002-05-07,32.00,32.20,31.75,31.80,195600,7.40
2002-05-06,32.40,32.60,32.00,32.00,183300,7.44
2002-05-03,32.10,32.25,31.92,32.15,171600,7.48
2002-05-02,31.95,32.23,31.90,32.22,258300,7.49
2002-05-01,32.00,32.05,31.30,31.70,259500,7.37
2002-04-30,31.75,32.25,31.50,31.50,197100,7.33
2002-04-29,31.42,31.99,31.26,31.99,131700,7.44
2002-04-26,31.85,32.00,31.40,31.62,139800,7.35
2002-04-25,32.09,32.41,31.65,32.00,149700,7.44
2002-04-24,32.30,33.00,32.01,32.09,242100,7.46
2002-04-23,32.39,32.82,32.26,32.26,138900,7.50
2002-04-22,32.93,32.93,32.29,32.49,160200,7.56
2002-04-19,32.85,32.97,32.51,32.93,71400,7.66
2002-04-18,32.80,32.80,32.56,32.78,153000,7.62
2002-04-17,32.72,33.21,32.47,32.65,135900,7.59
2002-04-16,31.95,32.80,31.95,32.80,147900,7.63
2002-04-15,32.10,32.20,31.65,31.75,254700,7.38
2002-04-12,31.65,32.20,31.55,32.20,199800,7.49
2002-04-11,32.20,32.20,31.59,31.65,166200,7.36
2002-04-10,31.80,32.17,31.80,32.15,146700,7.48
2002-04-09,31.50,31.78,31.50,31.70,517800,7.37
2002-04-08,31.90,31.90,31.37,31.70,315900,7.37
2002-04-05,31.78,31.90,31.60,31.70,300600,7.37
2002-04-04,31.50,31.68,31.22,31.66,134100,7.36
2002-04-03,31.63,31.64,31.28,31.46,158100,7.32
2002-04-02,31.35,31.63,31.19,31.53,334500,7.33
2002-04-01,31.20,31.44,30.99,31.28,214800,7.28
2002-03-28,31.15,31.34,31.00,31.34,185700,7.29
2002-03-27,30.60,31.12,30.40,31.05,573900,7.22
2002-03-26,30.55,30.99,30.43,30.55,168300,7.11
2002-03-25,30.80,31.05,30.40,30.49,181800,7.09
2002-03-22,31.25,31.26,30.71,30.95,211500,7.20
2002-03-21,30.10,31.49,30.10,31.31,164700,7.28
2002-03-20,30.40,30.50,30.03,30.15,123300,7.01
2002-03-19,30.15,30.49,30.15,30.45,72900,7.08
2002-03-18,30.12,30.28,29.85,30.15,149700,7.01
2002-03-15,29.54,30.49,29.54,30.12,209700,7.01
2002-03-14,29.75,30.15,29.75,30.04,117000,6.99
2002-03-13,29.95,30.15,29.70,29.80,140100,6.93
2002-03-12,30.20,30.22,29.92,30.00,95700,6.98
2002-03-11,29.95,30.13,29.78,30.13,144900,7.01
2002-03-08,29.95,30.00,29.60,30.00,157800,6.98
2002-03-07,30.00,30.12,29.56,29.90,179700,6.95
2002-03-06,29.31,29.85,29.20,29.85,299400,6.94
2002-03-05,29.80,30.00,29.34,29.41,217200,6.84
2002-03-04,29.45,29.90,29.41,29.75,159300,6.92
2002-03-01,28.75,29.40,28.45,29.40,221400,6.84
2002-02-28,28.95,28.95,28.64,28.90,180300,6.72
2002-02-27,29.00,29.24,28.75,28.86,139500,6.71
2002-02-26,28.72,29.09,28.45,28.93,180300,6.73
2002-02-25,28.88,29.35,28.55,29.13,3414900,6.68
2002-02-22,28.26,28.70,28.08,28.68,233700,6.58
2002-02-21,28.35,28.50,28.05,28.18,363600,6.46
2002-02-20,27.85,28.45,27.85,28.45,712200,6.53
2002-02-19,27.80,28.05,27.70,27.90,279900,6.40
2002-02-15,27.66,28.10,27.66,28.00,152700,6.42
2002-02-14,28.02,28.22,27.60,27.71,148200,6.36
2002-02-13,28.00,28.10,27.86,28.00,204300,6.42
2002-02-12,27.80,28.00,27.79,27.96,271800,6.41
2002-02-11,27.09,27.99,27.09,27.80,205800,6.38
2002-02-08,27.30,27.56,27.20,27.34,208500,6.27
2002-02-07,27.81,27.89,27.45,27.45,205200,6.30
2002-02-06,27.80,28.00,27.58,27.80,137700,6.38
2002-02-05,27.95,28.09,27.77,27.87,295500,6.39
2002-02-04,27.90,27.99,27.65,27.95,160800,6.41
2002-02-01,28.35,28.36,27.80,27.82,239100,6.38
2002-01-31,28.30,28.39,27.98,28.39,261900,6.51
2002-01-30,28.39,28.40,27.77,28.25,307800,6.48
2002-01-29,28.89,28.89,28.15,28.39,168600,6.51
2002-01-28,28.57,29.00,28.55,28.80,417300,6.61
2002-01-25,28.98,28.99,28.56,28.56,196500,6.55
2002-01-24,29.36,29.38,29.01,29.08,201300,6.67
2002-01-23,29.10,29.56,29.04,29.46,108900,6.76
2002-01-22,29.70,29.85,29.05,29.10,186000,6.68
2002-01-18,30.00,30.05,29.62,29.70,120900,6.81
2002-01-17,29.60,30.00,29.60,30.00,176700,6.88
2002-01-16,30.15,30.16,29.50,29.80,212700,6.84
2002-01-15,29.95,30.30,29.88,30.30,167100,6.95
2002-01-14,30.05,30.05,29.60,29.85,202500,6.85
2002-01-11,30.25,30.45,30.01,30.11,78300,6.91
2002-01-10,29.65,30.40,29.51,30.30,183600,6.95
2002-01-09,29.85,30.26,29.60,29.64,371100,6.80
2002-01-08,30.20,30.20,29.75,29.85,335700,6.85
2002-01-07,30.90,31.00,30.15,30.15,179100,6.92
2002-01-04,30.70,31.00,30.70,30.85,327300,7.08
2002-01-03,31.00,31.15,30.51,30.82,225600,7.07
2002-01-02,30.25,31.01,29.95,31.00,287400,7.11
2001-12-31,30.70,31.00,30.20,30.20,416400,6.93
2001-12-28,30.99,31.05,30.60,30.60,219000,7.02
2001-12-27,31.50,31.53,30.90,30.90,358500,7.09
2001-12-26,30.90,31.48,30.90,31.15,167100,7.15
2001-12-24,30.60,31.17,30.40,30.75,215700,7.05
2001-12-21,31.25,31.34,30.40,30.40,943800,6.97
2001-12-20,31.25,31.40,30.84,31.07,766200,7.13
2001-12-19,31.07,31.48,30.82,31.15,321600,7.15
2001-12-18,30.60,31.00,30.60,30.97,209100,7.10
2001-12-17,30.24,30.68,30.00,30.59,317700,7.02
2001-12-14,30.05,30.30,30.00,30.19,303300,6.93
2001-12-13,30.15,30.39,30.01,30.10,126300,6.90
2001-12-12,30.00,30.40,29.95,30.10,211200,6.90
2001-12-11,30.61,30.77,30.10,30.13,198600,6.91
2001-12-10,30.75,30.90,30.45,30.51,163200,7.00
2001-12-07,30.45,30.85,30.41,30.85,217200,7.08
2001-12-06,30.30,30.80,30.25,30.55,444000,7.01
2001-12-05,30.00,30.41,30.00,30.26,169200,6.94
2001-12-04,29.70,30.12,29.65,30.00,304800,6.88
2001-12-03,29.49,29.88,29.33,29.78,153000,6.83
2001-11-30,29.80,30.10,29.45,29.45,273600,6.76
2001-11-29,29.25,29.90,29.00,29.89,195300,6.86
2001-11-28,29.85,29.85,29.27,29.27,6072000,6.71
2001-11-27,30.25,30.40,30.15,30.20,100500,6.84
2001-11-26,30.39,30.42,30.21,30.29,408900,6.86
2001-11-23,29.79,30.39,29.79,30.39,97500,6.88
2001-11-21,30.00,30.00,29.17,29.78,105000,6.74
2001-11-20,30.00,30.10,29.83,29.98,180900,6.79
2001-11-19,29.25,30.24,29.16,30.05,360900,6.80
2001-11-16,29.21,29.55,29.10,29.48,66000,6.67
2001-11-15,29.25,29.25,29.06,29.21,153600,6.61
2001-11-14,29.25,29.39,28.93,29.30,244800,6.63
2001-11-13,29.24,29.50,29.01,29.50,195300,6.68
2001-11-12,29.14,29.22,29.01,29.19,79200,6.61
2001-11-09,29.20,29.24,29.10,29.24,209400,6.62
2001-11-08,29.20,29.36,29.07,29.19,172500,6.61
2001-11-07,29.20,29.35,29.02,29.20,259500,6.61
2001-11-06,29.25,29.30,29.00,29.25,96000,6.62
2001-11-05,29.25,29.35,29.05,29.25,160500,6.62
2001-11-02,29.30,29.35,29.00,29.25,148200,6.62
2001-11-01,29.25,29.30,28.93,29.25,93900,6.62
2001-10-31,29.10,29.10,28.50,28.90,271500,6.54
2001-10-30,28.90,28.90,28.50,28.85,257400,6.53
2001-10-29,28.65,28.93,28.40,28.75,165600,6.51
2001-10-26,28.25,28.69,28.19,28.51,102000,6.45
2001-10-25,28.40,28.45,27.60,28.30,241500,6.41
2001-10-24,28.35,28.50,27.95,28.50,195600,6.45
2001-10-23,29.00,29.00,28.15,28.15,114000,6.37
2001-10-22,28.60,28.99,28.56,28.99,135900,6.56
2001-10-19,27.90,28.90,27.90,28.67,161700,6.49
2001-10-18,28.45,28.55,27.91,27.99,119400,6.34
2001-10-17,29.20,29.20,28.22,28.35,181800,6.42
2001-10-16,29.15,29.40,29.01,29.11,163200,6.59
2001-10-15,28.92,29.30,28.91,29.00,283500,6.56
2001-10-12,28.90,29.29,28.50,29.10,426000,6.59
2001-10-11,28.00,28.95,28.00,28.90,274500,6.54
2001-10-10,27.85,28.24,27.58,28.10,218100,6.36
2001-10-09,28.45,28.49,27.80,28.01,157800,6.34
2001-10-08,28.64,28.64,28.24,28.37,89100,6.42
2001-10-05,28.70,28.70,27.70,28.59,123900,6.47
2001-10-04,28.18,29.05,28.01,28.79,339900,6.52
2001-10-03,27.39,28.19,27.36,28.18,126900,6.38
2001-10-02,27.20,27.64,27.02,27.49,261300,6.22
2001-10-01,27.10,27.20,26.69,27.09,216900,6.13
2001-09-28,26.75,27.75,26.75,27.10,292200,6.13
2001-09-27,26.10,26.67,26.00,26.60,86400,6.02
2001-09-26,26.80,26.99,26.05,26.05,263100,5.90
2001-09-25,26.95,27.25,26.46,26.69,124500,6.04
2001-09-24,26.20,26.90,26.15,26.90,145200,6.09
2001-09-21,26.13,26.25,25.12,26.25,307200,5.94
2001-09-20,26.75,26.75,25.50,26.13,300900,5.91
2001-09-19,27.05,27.55,26.50,26.80,421800,6.07
2001-09-18,28.20,28.40,27.07,27.11,206100,6.14
2001-09-17,28.32,28.95,27.45,28.32,186600,6.41
2001-09-10,28.80,28.90,28.30,28.57,219600,6.47
2001-09-07,28.90,28.99,28.50,28.94,139800,6.55
2001-09-06,28.85,29.09,28.80,28.81,157200,6.52
2001-09-05,28.90,29.00,28.80,28.99,192600,6.56
2001-09-04,27.90,29.10,27.40,28.89,408600,6.54
2001-08-31,28.89,29.00,28.00,28.00,216000,6.34
2001-08-30,28.98,28.99,28.71,28.89,171600,6.54
2001-08-29,28.62,28.99,28.52,28.98,6206700,6.56
2001-08-28,28.95,29.09,28.70,29.02,200400,6.48
2001-08-27,29.10,29.48,28.71,28.71,174600,6.41
2001-08-24,28.25,29.30,28.25,29.09,158100,6.49
2001-08-23,28.91,29.00,28.72,28.73,172200,6.41
2001-08-22,28.71,28.94,28.65,28.80,215100,6.43
2001-08-21,28.75,28.89,28.66,28.81,95100,6.43
2001-08-20,28.55,28.90,28.38,28.75,138300,6.42
2001-08-17,28.55,28.95,28.50,28.78,181500,6.42
2001-08-16,28.47,28.80,28.20,28.79,140100,6.43
2001-08-15,28.09,28.48,27.75,28.47,154500,6.36
2001-08-14,28.10,28.10,27.50,28.09,198300,6.27
2001-08-13,27.90,28.11,27.75,28.05,146400,6.26
2001-08-10,27.70,28.02,27.50,28.02,143100,6.25
2001-08-09,27.70,27.80,27.51,27.79,100200,6.20
2001-08-08,27.68,27.95,27.61,27.95,294300,6.24
2001-08-07,27.26,27.70,27.22,27.70,207000,6.18
2001-08-06,27.50,27.55,27.25,27.25,104100,6.08
2001-08-03,26.50,27.60,26.50,27.49,214200,6.14
2001-08-02,26.75,27.30,26.70,27.25,301500,6.08
2001-08-01,26.69,26.95,26.55,26.90,114600,6.00
2001-07-31,26.60,26.99,26.50,26.79,136200,5.98
2001-07-30,26.69,26.79,26.49,26.79,134700,5.98
2001-07-27,26.70,26.80,26.30,26.69,109500,5.96
2001-07-26,26.20,26.90,26.04,26.80,245100,5.98
2001-07-25,25.66,26.00,25.49,26.00,92100,5.80
2001-07-24,25.81,25.81,25.30,25.66,160200,5.73
2001-07-23,26.15,26.16,25.59,25.80,201600,5.76
2001-07-20,26.23,26.35,26.09,26.19,86100,5.85
2001-07-19,26.30,26.42,26.05,26.23,289200,5.86
2001-07-18,26.30,26.49,26.12,26.29,158100,5.87
2001-07-17,26.50,26.50,25.85,26.23,161700,5.86
2001-07-16,26.21,26.55,26.05,26.46,137400,5.91
2001-07-13,26.29,26.50,25.87,26.20,198600,5.85
2001-07-12,26.57,26.66,26.20,26.29,127800,5.87
2001-07-11,26.61,26.85,26.50,26.56,140700,5.93
2001-07-10,26.70,26.80,26.52,26.61,120600,5.94
2001-07-09,26.95,26.97,26.50,26.64,117900,5.95
2001-07-06,26.98,27.15,26.76,27.15,132000,6.06
2001-07-05,27.00,27.30,26.84,26.98,123000,6.02
2001-07-03,27.00,27.00,26.82,26.98,174300,6.02
2001-07-02,27.00,27.00,26.50,26.95,207600,6.02
2001-06-29,26.45,27.00,26.28,27.00,350700,6.03
2001-06-28,26.44,26.66,26.26,26.50,156900,5.92
2001-06-27,26.22,26.48,26.03,26.43,202200,5.90
2001-06-26,25.40,26.24,25.37,26.12,229800,5.83
2001-06-25,26.25,26.28,25.45,25.50,511800,5.69
2001-06-22,26.59,26.65,26.20,26.20,190800,5.85
2001-06-21,26.54,26.70,26.32,26.59,205800,5.94
2001-06-20,25.71,26.54,25.71,26.54,166800,5.92
2001-06-19,26.00,26.10,25.85,25.96,83400,5.80
2001-06-18,26.22,26.22,25.81,26.00,98100,5.80
2001-06-15,25.42,26.40,25.42,26.21,215100,5.85
2001-06-14,26.51,26.51,26.10,26.11,129300,5.83
2001-06-13,26.81,26.89,26.50,26.51,219900,5.92
2001-06-12,26.63,26.79,26.44,26.71,156300,5.96
2001-06-11,26.33,26.79,26.30,26.73,103500,5.97
2001-06-08,26.40,26.51,26.11,26.44,97800,5.90
2001-06-07,26.75,26.90,26.33,26.45,78000,5.90
2001-06-06,27.10,27.11,26.70,26.82,96600,5.99
2001-06-05,27.26,27.26,26.87,27.21,176700,6.07
2001-06-04,26.80,27.26,26.80,27.26,144900,6.09
2001-06-01,26.67,26.95,26.65,26.80,186300,5.98
2001-05-31,26.67,27.00,26.66,26.66,258000,5.95
2001-05-30,26.48,27.00,26.48,26.67,288000,5.95
2001-05-29,26.69,26.69,26.24,26.48,3173700,5.91
2001-05-25,26.95,27.13,26.80,26.99,162900,5.94
2001-05-24,27.02,27.09,26.80,26.95,296400,5.93
2001-05-23,27.02,27.29,27.00,27.02,177900,5.94
2001-05-22,27.00,27.15,27.00,27.07,239100,5.95
2001-05-21,27.22,27.22,27.00,27.13,206400,5.97
2001-05-18,26.94,27.24,26.91,27.21,107100,5.98
2001-05-17,27.11,27.11,26.90,26.94,263100,5.92
2001-05-16,26.85,27.90,26.70,27.10,513000,5.96
2001-05-15,26.70,26.89,26.49,26.78,140400,5.89
2001-05-14,26.50,26.55,26.30,26.55,83100,5.84
2001-05-11,26.40,26.53,26.30,26.36,96000,5.80
2001-05-10,26.49,26.49,26.38,26.38,87600,5.80
2001-05-09,26.25,26.48,26.11,26.47,90900,5.82
2001-05-08,26.39,26.40,26.10,26.27,158700,5.78
2001-05-07,26.32,26.39,26.10,26.14,160200,5.75
2001-05-04,25.95,26.52,25.80,26.09,219900,5.74
2001-05-03,26.06,26.06,25.50,25.80,155700,5.67
2001-05-02,26.40,26.40,25.79,26.06,140100,5.73
2001-05-01,26.30,26.54,26.10,26.47,244200,5.82
2001-04-30,26.60,26.60,26.00,26.45,182700,5.82
2001-04-27,26.98,26.98,26.25,26.66,177600,5.86
2001-04-26,25.95,26.78,25.91,26.78,263700,5.89
2001-04-25,25.50,25.95,25.31,25.95,186300,5.71
2001-04-24,25.20,25.60,25.07,25.60,141600,5.63
2001-04-23,24.65,25.30,24.65,25.18,105900,5.54
2001-04-20,24.95,25.20,24.85,25.10,209400,5.52
2001-04-19,25.40,25.40,24.75,25.02,196200,5.50
2001-04-18,25.80,25.82,25.26,25.62,224700,5.63
2001-04-17,25.41,25.98,25.30,25.93,249900,5.70
2001-04-16,25.35,25.61,25.01,25.61,146100,5.63
2001-04-12,25.45,25.45,25.00,25.29,75000,5.56
2001-04-11,25.40,25.45,24.80,25.45,139800,5.60
2001-04-10,25.10,25.50,25.10,25.50,236400,5.61
2001-04-09,24.70,25.18,24.67,25.10,120300,5.52
2001-04-06,25.25,25.31,24.40,24.54,246900,5.40
2001-04-05,24.85,25.49,24.50,25.49,153900,5.61
2001-04-04,24.80,24.99,24.62,24.62,141300,5.41
2001-04-03,24.99,24.99,24.31,24.57,212700,5.40
2001-04-02,24.89,25.33,24.20,24.80,361800,5.45
2001-03-30,24.20,24.49,24.13,24.49,395400,5.39
2001-03-29,24.15,24.30,23.99,24.00,300600,5.28
2001-03-28,24.39,24.59,23.90,23.99,158400,5.28
2001-03-27,24.04,24.50,24.00,24.49,361500,5.39
2001-03-26,24.20,24.57,23.92,23.99,266100,5.28
2001-03-23,24.00,24.25,23.51,24.25,375600,5.33
2001-03-22,24.50,24.50,23.13,24.14,353700,5.31
2001-03-21,24.70,24.70,24.05,24.40,112500,5.37
2001-03-20,24.50,24.85,24.20,24.72,228600,5.44
2001-03-19,24.25,24.64,23.21,24.64,453900,5.42
2001-03-16,25.10,25.10,24.25,24.30,216000,5.34
2001-03-15,24.69,25.00,24.29,25.00,125100,5.50
2001-03-14,24.74,24.74,24.35,24.49,94500,5.39
2001-03-13,24.52,24.75,24.40,24.74,162300,5.44
2001-03-12,24.99,25.00,24.50,24.51,161700,5.39
2001-03-09,24.90,24.99,24.62,24.99,92400,5.50
2001-03-08,24.80,24.95,24.70,24.95,110100,5.49
2001-03-07,24.75,25.00,24.70,24.79,138300,5.45
2001-03-06,24.75,25.10,24.63,24.75,488400,5.44
2001-03-05,24.30,24.95,24.20,24.75,585000,5.44
2001-03-02,24.27,24.32,24.20,24.30,236700,5.34
2001-03-01,24.40,24.40,24.23,24.27,376500,5.34
2001-02-28,24.50,24.83,24.40,24.47,540600,5.38
2001-02-27,24.30,24.46,23.93,24.12,486000,5.30
2001-02-26,23.85,24.50,23.85,24.21,387000,5.32
2001-02-23,24.42,24.49,23.78,24.24,3117600,5.25
2001-02-22,24.65,24.75,24.26,24.42,126300,5.28
2001-02-21,24.69,24.89,24.55,24.57,114600,5.32
2001-02-20,24.70,24.89,24.51,24.68,124200,5.34
2001-02-16,24.50,24.85,24.49,24.59,135000,5.32
2001-02-15,24.74,25.00,24.40,24.56,186000,5.31
2001-02-14,24.15,25.00,24.15,24.68,159900,5.34
2001-02-13,24.99,25.20,24.20,24.20,198000,5.24
2001-02-12,24.05,24.99,24.05,24.99,226200,5.41
2001-02-09,23.84,24.27,23.77,23.80,433500,5.15
2001-02-08,23.94,24.04,23.75,23.77,82200,5.14
2001-02-07,23.85,24.01,23.80,23.94,137400,5.18
2001-02-06,23.79,23.94,23.51,23.74,132300,5.14
2001-02-05,23.26,23.65,23.26,23.56,174900,5.10
2001-02-02,23.26,23.65,23.18,23.21,335700,5.02
2001-02-01,23.75,23.81,23.27,23.27,525600,5.04
2001-01-31,23.50,23.61,23.26,23.26,190800,5.03
2001-01-30,22.75,23.22,22.75,23.04,211800,4.99
2001-01-29,23.25,23.54,22.50,23.00,152100,4.98
2001-01-26,23.62,23.87,23.12,23.25,231900,5.03
2001-01-25,23.75,23.87,23.56,23.56,90000,5.10
2001-01-24,23.87,24.06,23.50,23.87,152700,5.17
2001-01-23,23.75,23.87,23.37,23.87,228900,5.17
2001-01-22,23.44,23.62,23.06,23.50,195600,5.09
2001-01-19,23.50,23.50,22.75,23.31,103500,5.04
2001-01-18,23.50,23.81,23.50,23.62,154800,5.11
2001-01-17,23.62,23.94,23.31,23.31,150600,5.04
2001-01-16,23.62,24.00,22.94,23.75,218400,5.14
2001-01-12,23.62,23.87,23.00,23.50,141000,5.09
2001-01-11,24.25,24.31,24.06,24.12,66600,5.22
2001-01-10,23.75,24.50,23.62,24.44,185700,5.29
2001-01-09,24.25,24.37,23.69,23.94,246600,5.18
2001-01-08,23.87,24.25,23.50,24.25,101700,5.25
2001-01-05,23.25,24.00,23.25,23.62,185700,5.11
2001-01-04,24.69,24.75,23.12,23.25,206700,5.03
2001-01-03,25.00,25.37,24.56,24.81,153300,5.37
2001-01-02,25.31,25.31,24.19,24.62,145200,5.33
2000-12-29,26.19,26.31,25.25,25.31,99300,5.48
2000-12-28,25.87,26.06,25.62,26.06,162600,5.64
2000-12-27,25.44,26.00,25.31,26.00,116400,5.63
2000-12-26,25.31,25.87,25.31,25.31,124800,5.48
2000-12-22,24.50,25.19,24.50,24.81,212400,5.37
2000-12-21,24.19,24.44,24.00,24.37,133500,5.27
2000-12-20,23.87,24.31,23.81,23.94,192600,5.18
2000-12-19,23.94,24.00,23.62,23.75,310800,5.14
2000-12-18,23.00,23.94,23.00,23.81,185100,5.15
2000-12-15,23.19,23.50,22.81,22.81,311400,4.94
2000-12-14,23.50,23.62,23.06,23.44,63900,5.07
2000-12-13,23.87,23.87,23.56,23.62,106500,5.11
2000-12-12,23.81,23.87,23.75,23.75,74400,5.14
2000-12-11,23.87,23.87,23.56,23.81,192600,5.15
2000-12-08,23.37,23.62,23.31,23.62,92400,5.11
2000-12-07,23.12,23.37,23.00,23.31,94800,5.04
2000-12-06,23.19,23.56,22.94,23.00,65100,4.98
2000-12-05,23.37,23.75,23.06,23.12,131400,5.00
2000-12-04,22.94,23.50,22.94,23.25,150000,5.03
2000-12-01,22.37,23.37,22.37,22.81,214200,4.94
2000-11-30,23.00,23.12,22.19,22.19,185700,4.80
2000-11-29,23.25,23.50,23.00,23.06,168300,4.99
2000-11-28,23.19,23.75,23.12,23.12,144000,5.00
2000-11-27,24.00,24.00,23.37,23.50,1971900,5.00
2000-11-24,23.50,23.94,23.44,23.94,49800,5.10
2000-11-22,23.75,23.94,23.19,23.37,105600,4.97
2000-11-21,23.62,23.81,23.37,23.62,174900,5.03
2000-11-20,23.62,23.81,23.37,23.81,76800,5.07
2000-11-17,23.62,23.75,23.25,23.75,83400,5.05
2000-11-16,23.06,23.69,22.94,23.37,186000,4.97
2000-11-15,22.94,23.31,22.94,23.31,100800,4.96
2000-11-14,22.44,22.94,22.44,22.75,92400,4.84
2000-11-13,22.50,22.62,22.25,22.56,96900,4.80
2000-11-10,22.56,22.69,22.37,22.44,33600,4.78
2000-11-09,22.69,22.75,22.44,22.69,81600,4.83
2000-11-08,23.00,23.00,22.62,22.69,101400,4.83
2000-11-07,22.94,23.00,22.62,22.81,221400,4.85
2000-11-06,22.37,22.94,22.25,22.87,62400,4.87
2000-11-03,22.50,22.62,22.12,22.25,79200,4.74
2000-11-02,23.00,23.00,22.56,22.56,92700,4.80
2000-11-01,23.00,23.19,22.69,23.12,118500,4.92
2000-10-31,22.44,23.19,22.44,23.19,172500,4.94
2000-10-30,22.31,22.50,22.00,22.44,74100,4.78
2000-10-27,21.69,22.12,21.44,22.12,94800,4.71
2000-10-26,21.75,22.19,21.37,21.69,209400,4.62
2000-10-25,22.06,22.37,21.94,22.00,165900,4.68
2000-10-24,22.50,22.62,22.12,22.12,261900,4.71
2000-10-23,23.06,23.19,22.56,22.56,68100,4.80
2000-10-20,22.94,23.19,22.81,23.19,135600,4.94
2000-10-19,22.94,23.19,22.87,23.12,74100,4.92
2000-10-18,22.69,23.12,22.50,22.87,134100,4.87
2000-10-17,23.37,23.37,22.94,22.94,82500,4.88
2000-10-16,23.31,23.62,23.00,23.31,141600,4.96
2000-10-13,23.37,23.50,23.00,23.25,135600,4.95
2000-10-12,23.31,23.31,23.12,23.31,124800,4.96
2000-10-11,23.50,23.50,23.12,23.31,95100,4.96
2000-10-10,23.25,24.00,23.25,23.37,81600,4.97
2000-10-09,23.50,23.56,23.06,23.25,182400,4.95
2000-10-06,23.56,23.81,23.25,23.31,62700,4.96
2000-10-05,23.69,23.81,23.50,23.62,86400,5.03
2000-10-04,23.37,23.56,23.31,23.44,83100,4.99
2000-10-03,24.44,24.69,23.00,23.25,372300,4.95
2000-10-02,24.25,24.25,23.94,24.06,135600,5.12
2000-09-29,23.75,24.31,23.62,24.25,198300,5.16
2000-09-28,23.44,23.94,23.44,23.87,128100,5.08
2000-09-27,23.06,23.44,23.06,23.31,103200,4.96
2000-09-26,22.56,23.31,22.56,23.31,101700,4.96
2000-09-25,22.87,23.00,22.50,22.50,163200,4.79
2000-09-22,22.87,23.00,22.31,22.94,137700,4.88
2000-09-21,23.56,23.62,23.00,23.06,159900,4.91
2000-09-20,22.94,23.69,22.94,23.69,229800,5.04
2000-09-19,23.87,23.87,22.94,23.12,225000,4.92
2000-09-18,23.94,24.12,23.81,23.81,115200,5.07
2000-09-15,23.56,24.06,23.56,23.94,210000,5.10
2000-09-14,23.75,23.87,23.44,23.56,69300,5.01
2000-09-13,23.62,23.94,23.62,23.75,85800,5.05
2000-09-12,23.62,24.00,23.56,23.69,162600,5.04
2000-09-11,23.25,23.69,23.25,23.62,193200,5.03
2000-09-08,23.00,23.37,23.00,23.37,100200,4.97
2000-09-07,22.56,23.19,22.50,23.12,156000,4.92
2000-09-06,22.62,22.94,22.50,22.69,91500,4.83
2000-09-05,22.94,22.94,22.50,22.62,66000,4.81
2000-09-01,22.94,23.00,22.75,22.75,89100,4.84
2000-08-31,22.69,22.94,22.62,22.81,191700,4.85
2000-08-30,22.62,22.87,22.56,22.69,170100,4.83
2000-08-29,22.06,22.69,22.06,22.62,115800,4.81
2000-08-28,22.19,23.00,22.19,22.50,129000,4.71
2000-08-25,22.69,22.69,22.12,22.31,88500,4.67
2000-08-24,22.31,22.62,22.25,22.56,111000,4.72
2000-08-23,22.44,22.81,22.37,22.56,95100,4.72
2000-08-22,22.75,22.75,22.44,22.44,51600,4.69
2000-08-21,23.00,23.00,22.62,22.62,41700,4.73
2000-08-18,23.25,23.25,22.87,22.87,35700,4.78
2000-08-17,23.19,23.25,22.87,23.19,91800,4.85
2000-08-16,22.75,23.31,22.56,23.31,129000,4.88
2000-08-15,22.75,23.19,22.56,22.56,126600,4.72
2000-08-14,22.50,22.94,22.31,22.81,78300,4.77
2000-08-11,21.62,22.50,21.56,22.50,95700,4.71
2000-08-10,21.62,21.94,21.44,21.56,73500,4.51
2000-08-09,21.87,21.87,21.50,21.50,62700,4.50
2000-08-08,22.06,22.31,21.75,21.75,284400,4.55
2000-08-07,22.19,22.19,22.00,22.19,50700,4.64
2000-08-04,21.75,22.06,21.75,22.06,178200,4.61
2000-08-03,21.62,22.00,21.44,21.94,163500,4.59
2000-08-02,21.81,22.06,21.75,21.81,152700,4.56
2000-08-01,22.25,22.25,21.75,22.00,191700,4.60
2000-07-31,21.25,22.44,20.75,22.44,276000,4.69
2000-07-28,22.00,22.12,21.25,21.37,86700,4.47
2000-07-27,22.31,22.31,21.81,21.81,62400,4.56
2000-07-26,21.94,22.19,21.75,22.12,308100,4.63
2000-07-25,21.62,21.94,21.44,21.81,121500,4.56
2000-07-24,22.06,22.12,21.62,21.62,129900,4.52
2000-07-21,22.37,22.37,21.81,21.94,74400,4.59
2000-07-20,22.00,22.31,21.87,22.31,60900,4.67
2000-07-19,22.19,22.31,21.75,22.06,108900,4.61
2000-07-18,22.06,22.19,21.94,21.94,51900,4.59
2000-07-17,22.31,22.44,22.00,22.00,98100,4.60
2000-07-14,22.00,22.44,21.94,22.31,100800,4.67
2000-07-13,21.81,22.25,21.62,22.06,75000,4.61
2000-07-12,22.12,22.12,21.75,21.94,133200,4.59
2000-07-11,22.06,22.19,21.87,22.12,161700,4.63
2000-07-10,21.87,22.06,21.75,22.00,90900,4.60
2000-07-07,21.75,22.00,21.50,22.00,85800,4.60
2000-07-06,21.19,22.19,21.19,21.87,185100,4.57
2000-07-05,21.75,21.75,21.25,21.31,263400,4.46
2000-07-03,20.62,21.19,20.56,21.06,158400,4.40
2000-06-30,21.31,21.31,20.12,20.48,630600,4.28
2000-06-29,21.19,21.56,21.19,21.25,150600,4.44
2000-06-28,20.87,21.25,20.59,21.19,276000,4.43
2000-06-27,20.87,21.19,20.69,20.87,105900,4.37
2000-06-26,20.87,21.25,20.56,20.87,101400,4.37
2000-06-23,20.62,21.25,20.37,20.87,211800,4.37
2000-06-22,21.62,21.81,20.81,20.81,99900,4.35
2000-06-21,21.62,22.06,21.37,21.69,163200,4.54
2000-06-20,21.81,22.06,21.75,21.81,72300,4.56
2000-06-19,21.81,22.06,21.81,22.00,74400,4.60
2000-06-16,22.12,22.12,21.81,22.00,165900,4.60
2000-06-15,21.81,22.12,21.81,22.06,67500,4.61
2000-06-14,21.81,22.25,21.75,21.87,103200,4.57
2000-06-13,22.12,22.12,21.62,21.87,120000,4.57
2000-06-12,21.87,22.19,21.87,22.00,94800,4.60
2000-06-09,21.69,22.12,21.56,22.00,90900,4.60
2000-06-08,21.56,21.81,21.50,21.56,62700,4.51
2000-06-07,21.75,21.87,21.56,21.56,63900,4.51
2000-06-06,21.62,21.94,21.56,21.62,82500,4.52
2000-06-05,21.87,21.94,21.44,21.56,90600,4.51
2000-06-02,21.44,22.19,21.44,21.94,218100,4.59
2000-06-01,22.12,22.19,21.06,21.31,387300,4.46
2000-05-31,22.00,22.19,21.94,22.12,223200,4.63
2000-05-30,21.62,22.12,21.62,22.00,158400,4.60
2000-05-26,22.00,22.00,21.75,22.00,161700,4.60
2000-05-25,21.81,22.37,21.81,22.12,156900,4.55
2000-05-24,21.94,22.25,21.75,22.12,80100,4.55
2000-05-23,22.06,22.19,21.81,21.87,238500,4.49
2000-05-22,22.00,22.12,21.75,22.00,83100,4.52
2000-05-19,21.87,22.00,21.69,21.94,80700,4.51
2000-05-18,22.00,22.00,21.75,21.87,73200,4.49
2000-05-17,22.00,22.31,21.81,22.06,92400,4.53
2000-05-16,22.56,22.56,21.81,22.00,189300,4.52
2000-05-15,22.25,22.50,22.12,22.50,99000,4.62
2000-05-12,22.56,22.62,22.12,22.25,288300,4.57
2000-05-11,22.19,22.62,22.12,22.56,484200,4.64
2000-05-10,21.69,22.31,21.31,22.19,286500,4.56
2000-05-09,22.00,22.44,21.56,21.87,2495700,4.49
2000-05-08,21.94,22.50,21.94,22.00,323400,4.52
2000-05-05,21.81,22.25,21.81,22.00,380100,4.52
2000-05-04,21.87,22.19,21.87,21.94,516900,4.51
2000-05-03,22.56,22.56,21.75,22.00,969300,4.52
2000-05-02,20.75,21.06,20.62,21.06,136800,4.33
2000-05-01,20.62,20.94,20.56,20.69,91800,4.25
2000-04-28,20.56,20.69,20.00,20.44,154800,4.20
2000-04-27,21.69,21.69,19.75,20.37,289800,4.19
2000-04-26,21.00,21.94,20.87,21.94,158400,4.51
2000-04-25,21.19,21.19,20.37,21.00,133500,4.32
2000-04-24,21.50,21.75,21.06,21.31,81900,4.38
2000-04-20,21.87,21.87,21.19,21.50,155700,4.42
2000-04-19,21.56,21.87,20.94,21.87,139800,4.49
2000-04-18,21.75,21.81,21.06,21.75,120600,4.47
2000-04-17,21.50,21.87,20.62,21.75,115800,4.47
2000-04-14,21.62,21.87,21.00,21.50,105000,4.42
2000-04-13,21.69,21.94,21.25,21.81,128400,4.48
2000-04-12,21.75,22.44,21.75,21.81,96900,4.48
2000-04-11,21.69,21.87,21.50,21.87,132600,4.49
2000-04-10,21.75,22.12,21.75,21.81,205800,4.48
2000-04-07,21.69,22.25,21.69,21.94,311400,4.51
2000-04-06,21.62,22.00,21.44,21.44,193500,4.41
2000-04-05,21.56,21.87,21.31,21.62,213300,4.44
2000-04-04,21.00,21.81,21.00,21.69,228900,4.46
2000-04-03,21.75,21.75,20.56,20.94,125700,4.30
2000-03-31,20.31,22.31,20.31,21.62,361800,4.44
2000-03-30,20.19,20.44,19.69,20.31,115800,4.17
2000-03-29,19.62,20.62,19.50,20.00,150000,4.11
2000-03-28,19.87,20.12,19.50,19.50,179400,4.01
2000-03-27,20.44,20.56,19.87,20.12,129900,4.13
2000-03-24,19.87,20.75,19.25,20.37,215700,4.19
2000-03-23,19.50,20.19,19.50,20.00,203400,4.11
2000-03-22,19.62,19.75,19.37,19.50,60900,4.01
2000-03-21,19.62,19.87,19.56,19.75,136500,4.06
2000-03-20,19.44,19.87,19.44,19.75,103500,4.06
2000-03-17,19.12,19.62,19.12,19.50,264000,4.01
2000-03-16,18.94,19.75,18.69,19.37,210900,3.98
2000-03-15,18.62,18.75,18.31,18.75,215700,3.85
2000-03-14,18.56,18.94,18.56,18.62,152400,3.83
2000-03-13,18.25,18.75,18.19,18.50,84000,3.80
2000-03-10,18.87,18.94,18.25,18.25,195600,3.75
2000-03-09,18.87,18.94,18.75,18.87,212400,3.88
2000-03-08,18.50,19.31,18.50,18.75,96600,3.85
2000-03-07,18.37,18.94,18.37,18.50,113400,3.80
2000-03-06,18.44,18.50,18.25,18.50,150600,3.80
2000-03-03,18.56,18.87,18.50,18.69,49200,3.84
2000-03-02,18.69,18.75,18.44,18.62,107400,3.83
2000-03-01,18.75,18.75,18.50,18.69,130800,3.84
2000-02-29,18.69,18.75,18.62,18.75,150900,3.85
2000-02-28,18.94,18.94,18.56,18.62,141600,3.83
2000-02-25,19.00,19.37,18.87,18.94,163200,3.89
2000-02-24,19.50,19.66,19.12,19.25,165900,3.88
2000-02-23,19.31,19.44,19.12,19.37,459900,3.90
2000-02-22,19.75,19.87,19.00,19.06,287700,3.84
2000-02-18,19.62,19.87,19.56,19.69,187500,3.97
2000-02-17,19.75,20.00,19.75,19.87,330000,4.00
2000-02-16,20.50,20.56,19.69,19.94,135000,4.02
2000-02-15,20.06,21.25,20.06,20.62,210900,4.15
2000-02-14,19.81,20.06,19.75,20.00,246600,4.03
2000-02-11,20.06,20.19,19.56,19.62,240900,3.95
2000-02-10,20.44,20.56,19.81,20.12,191700,4.05
2000-02-09,20.31,20.62,20.31,20.56,91800,4.14
2000-02-08,20.37,20.50,20.31,20.37,179400,4.10
2000-02-07,20.44,20.69,20.31,20.37,93900,4.10
2000-02-04,20.50,20.62,20.00,20.25,158400,4.08
2000-02-03,21.00,21.00,20.50,20.56,159000,4.14
2000-02-02,21.12,21.25,20.94,21.06,128400,4.24
2000-02-01,21.12,21.19,20.87,21.12,113400,4.26
2000-01-31,21.56,22.25,21.12,21.25,312600,4.28
2000-01-28,21.87,21.87,21.50,21.56,129900,4.34
2000-01-27,21.94,22.06,21.81,21.81,134400,4.39
2000-01-26,20.94,22.00,20.81,22.00,185100,4.43
2000-01-25,20.94,21.19,20.25,21.06,302400,4.24
2000-01-24,21.12,21.19,20.31,20.69,242700,4.17
2000-01-21,21.12,21.44,20.94,21.37,124800,4.31
2000-01-20,21.56,21.56,21.06,21.19,105900,4.27
2000-01-19,21.25,21.75,21.25,21.50,100200,4.33
2000-01-18,21.25,21.25,20.37,21.12,166800,4.26
2000-01-14,22.12,22.12,21.31,21.31,53400,4.29
2000-01-13,21.87,22.12,21.87,22.12,121500,4.46
2000-01-12,21.50,21.75,21.19,21.75,118200,4.38
2000-01-11,20.94,21.37,20.81,21.25,162300,4.28
2000-01-10,21.56,21.94,21.19,21.44,101400,4.32
2000-01-07,21.62,21.81,21.37,21.69,98400,4.37
2000-01-06,21.44,21.56,21.19,21.50,104100,4.33
2000-01-05,20.87,21.50,20.69,21.50,70200,4.33
2000-01-04,21.37,21.37,20.56,20.87,90000,4.21
2000-01-03,20.25,20.81,19.87,20.81,102600,4.19
1999-12-31,20.87,20.87,20.19,20.44,83400,4.12
1999-12-30,21.00,21.19,20.81,21.00,85200,4.23
1999-12-29,21.44,21.50,20.94,21.19,98100,4.27
1999-12-28,21.25,21.50,21.25,21.31,96900,4.29
1999-12-27,21.19,21.37,20.56,21.37,123300,4.31
1999-12-23,21.75,21.87,21.12,21.44,69900,4.32
1999-12-22,21.19,21.69,21.19,21.69,125100,4.37
1999-12-21,21.50,21.69,21.06,21.37,149400,4.31
1999-12-20,21.75,22.00,21.62,21.69,201600,4.37
1999-12-17,21.94,22.12,21.62,21.75,182700,4.38
1999-12-16,21.31,21.94,21.19,21.87,263100,4.41
1999-12-15,21.00,21.56,21.00,21.56,166500,4.34
1999-12-14,21.06,21.19,21.00,21.06,186900,4.24
1999-12-13,20.75,21.12,20.75,21.06,389400,4.24
1999-12-10,20.94,20.94,20.75,20.81,166500,4.19
1999-12-09,20.87,21.06,20.75,20.75,190200,4.18
1999-12-08,20.94,20.94,20.75,20.75,240600,4.18
1999-12-07,21.00,21.00,20.75,20.94,270600,4.22
1999-12-06,20.44,21.25,20.44,21.00,327600,4.23
1999-12-03,20.31,20.94,20.25,20.31,215100,4.09
1999-12-02,19.94,20.44,19.81,20.12,490800,4.05
1999-12-01,19.50,20.19,19.31,20.12,431700,4.05
1999-11-30,19.50,20.06,19.37,19.56,267600,3.94
1999-11-29,19.75,19.81,19.12,19.44,124200,3.92
1999-11-26,19.87,20.00,19.81,19.81,452700,3.99
1999-11-24,20.31,20.37,20.00,20.25,223200,4.00
1999-11-23,20.81,20.94,20.37,20.50,91500,4.05
1999-11-22,21.12,21.19,20.81,21.06,122700,4.16
1999-11-19,21.44,21.50,20.94,21.19,360600,4.19
1999-11-18,21.25,21.44,20.94,21.44,492600,4.24
1999-11-17,21.69,21.87,21.50,21.50,102300,4.25
1999-11-16,22.06,22.25,21.69,21.75,101700,4.30
1999-11-15,22.25,22.31,21.87,22.19,136500,4.39
1999-11-12,22.37,22.44,22.25,22.44,64800,4.44
1999-11-11,22.06,22.50,22.06,22.31,144900,4.41
1999-11-10,23.00,23.00,21.62,22.25,334200,4.40
1999-11-09,23.50,23.50,22.50,23.00,215100,4.55
1999-11-08,23.56,23.62,23.25,23.44,150900,4.64
1999-11-05,23.69,23.87,23.62,23.62,102600,4.67
1999-11-04,23.81,23.81,23.56,23.69,93900,4.68
1999-11-03,23.37,23.81,23.19,23.81,132600,4.71
1999-11-02,23.50,23.81,23.44,23.62,100800,4.67
1999-11-01,23.87,23.94,23.62,23.87,152400,4.72
1999-10-29,23.00,24.00,23.00,24.00,445200,4.75
1999-10-28,22.94,23.19,22.31,23.00,484200,4.55
1999-10-27,22.50,23.06,22.44,22.94,293400,4.54
1999-10-26,22.62,22.81,22.62,22.62,44400,4.47
1999-10-25,22.62,22.94,22.56,22.62,307500,4.47
1999-10-22,22.31,22.87,22.31,22.56,432600,4.46
1999-10-21,22.50,22.81,22.25,22.44,457500,4.44
1999-10-20,22.69,22.75,22.50,22.56,166500,4.46
1999-10-19,22.87,22.94,22.56,22.56,129000,4.46
1999-10-18,22.69,23.00,22.37,22.75,174900,4.50
1999-10-15,23.00,23.00,22.31,22.69,196800,4.49
1999-10-14,23.00,23.06,22.81,22.94,58500,4.54
1999-10-13,23.31,23.31,22.75,23.12,72600,4.57
1999-10-12,23.31,23.37,23.12,23.12,46500,4.57
1999-10-11,23.19,23.44,23.19,23.44,73500,4.64
1999-10-08,23.19,23.37,23.06,23.19,137400,4.59
1999-10-07,23.31,23.31,22.87,22.87,102600,4.52
1999-10-06,23.44,23.44,23.06,23.12,173400,4.57
1999-10-05,23.12,23.50,23.00,23.25,301500,4.60
1999-10-04,23.12,23.37,23.12,23.31,131700,4.61
1999-10-01,23.06,23.06,22.69,23.06,95700,4.56
1999-09-30,22.94,23.31,22.94,23.25,189900,4.60
1999-09-29,22.56,22.56,22.37,22.50,118500,4.45
1999-09-28,22.75,22.87,22.44,22.56,66600,4.46
1999-09-27,22.81,23.06,22.75,22.81,120600,4.51
1999-09-24,23.44,23.44,22.56,22.69,141000,4.49
1999-09-23,23.56,23.87,23.37,23.37,137400,4.62
1999-09-22,23.81,23.87,23.37,23.44,87300,4.64
1999-09-21,24.00,24.19,23.75,23.81,131400,4.71
1999-09-20,24.00,24.12,23.50,24.12,130800,4.77
1999-09-17,23.81,24.06,23.50,23.81,183300,4.71
1999-09-16,23.44,24.00,23.44,23.81,264000,4.71
1999-09-15,23.81,24.00,23.25,23.25,339300,4.60
1999-09-14,23.62,24.19,23.56,24.00,231900,4.67
1999-09-13,23.87,24.06,23.69,23.75,129900,4.62
1999-09-10,23.81,24.12,23.62,24.00,214200,4.67
1999-09-09,23.56,24.12,23.44,23.81,624000,4.63
1999-09-08,23.62,23.62,23.37,23.44,617400,4.56
1999-09-07,23.75,24.00,23.44,23.50,259200,4.57
1999-09-03,23.75,23.94,23.50,23.56,180900,4.59
1999-09-02,23.62,23.75,23.25,23.50,180000,4.57
1999-09-01,23.06,23.69,23.06,23.69,210600,4.61
1999-08-31,22.87,23.19,22.87,22.94,533400,4.47
1999-08-30,23.62,23.69,22.81,22.81,462300,4.44
1999-08-27,24.37,24.56,24.37,24.50,716700,4.77
1999-08-26,24.56,24.69,24.37,24.44,660000,4.76
1999-08-25,24.31,24.69,24.31,24.56,480900,4.78
1999-08-24,24.19,24.31,24.19,24.25,378900,4.72
1999-08-23,24.06,24.31,24.06,24.19,281400,4.71
1999-08-20,23.87,24.25,23.87,24.19,644400,4.71
1999-08-19,23.81,23.87,23.75,23.81,426000,4.63
1999-08-18,23.56,23.87,23.56,23.81,340800,4.63
1999-08-17,23.44,23.62,23.37,23.56,456600,4.59
1999-08-16,23.37,23.44,23.37,23.44,182700,4.56
1999-08-13,23.37,23.44,23.25,23.31,565800,4.54
1999-08-12,23.50,23.50,23.00,23.37,1446600,4.55
1999-08-11,23.37,23.44,23.37,23.44,373500,4.56
1999-08-10,23.44,23.50,23.37,23.44,220200,4.56
1999-08-09,23.12,23.56,23.12,23.25,576600,4.53
1999-08-06,23.06,23.44,23.06,23.12,330600,4.50
1999-08-05,22.94,23.37,22.94,23.31,275100,4.54
1999-08-04,23.62,23.62,23.19,23.19,446400,4.51
1999-08-03,23.56,23.75,23.56,23.62,180600,4.60
1999-08-02,23.69,23.87,23.56,23.56,332700,4.59
1999-07-30,23.69,23.87,23.62,23.75,305700,4.62
1999-07-29,23.62,23.87,23.37,23.69,715800,4.61
1999-07-28,23.62,23.87,23.56,23.81,1834200,4.63
1999-07-27,21.00,21.62,20.87,20.94,278400,4.08
1999-07-26,21.50,21.50,20.94,21.00,190200,4.09
1999-07-23,21.56,21.69,21.37,21.50,120000,4.19
1999-07-22,21.25,21.50,21.06,21.44,238200,4.17
1999-07-21,21.25,21.50,21.00,21.25,130200,4.14
1999-07-20,21.62,21.81,21.31,21.37,241800,4.16
1999-07-19,21.81,22.00,21.62,21.87,79200,4.26
1999-07-16,22.56,22.56,21.62,21.87,225600,4.26
1999-07-15,22.06,22.62,21.94,22.56,295800,4.39
1999-07-14,21.31,22.25,21.25,22.25,325800,4.33
1999-07-13,20.62,21.12,20.50,21.12,331800,4.11
1999-07-12,20.06,20.87,20.00,20.81,281700,4.05
1999-07-09,19.94,20.06,19.81,20.06,192600,3.90
1999-07-08,19.81,20.06,19.75,19.87,520800,3.87
1999-07-07,19.94,20.06,19.81,19.81,210000,3.86
1999-07-06,19.94,20.12,19.94,19.94,177600,3.88
1999-07-02,20.00,20.25,19.87,20.06,315600,3.90
1999-07-01,20.31,20.31,19.94,19.94,128400,3.88
1999-06-30,19.94,20.44,19.81,20.19,306600,3.93
1999-06-29,19.94,20.00,19.75,19.94,114300,3.88
1999-06-28,19.94,20.00,19.81,19.94,138900,3.88
1999-06-25,19.62,19.87,19.62,19.81,80700,3.86
1999-06-24,19.56,19.69,19.31,19.62,98400,3.82
1999-06-23,19.62,19.69,19.44,19.56,123300,3.81
1999-06-22,19.69,19.75,19.50,19.69,135000,3.83
1999-06-21,19.94,19.94,19.50,19.81,167700,3.86
1999-06-18,19.94,20.00,19.81,20.00,128100,3.89
1999-06-17,19.75,19.94,19.75,19.94,181500,3.88
1999-06-16,19.81,20.12,19.81,19.94,246600,3.88
1999-06-15,19.81,19.87,19.56,19.81,421500,3.86
1999-06-14,19.69,19.87,19.50,19.75,283200,3.84
1999-06-11,19.94,19.94,19.62,19.69,158400,3.83
1999-06-10,20.19,20.25,19.81,19.94,845700,3.88
1999-06-09,20.06,20.25,20.06,20.25,440100,3.94
1999-06-08,20.25,20.25,19.87,20.00,152700,3.89
1999-06-07,20.44,20.44,20.00,20.31,335700,3.95
1999-06-04,20.25,20.44,20.25,20.44,392400,3.98
1999-06-03,19.87,20.25,19.87,20.25,1419000,3.94
1999-06-02,19.69,19.87,19.62,19.81,669000,3.86
1999-06-01,19.69,19.69,19.50,19.69,664200,3.83
1999-05-28,19.75,19.75,19.62,19.69,376500,3.83
1999-05-27,19.50,19.94,19.44,19.69,136800,3.83
1999-05-26,19.94,19.94,19.56,19.62,213900,3.82
1999-05-25,19.94,21.00,19.75,20.31,1659900,3.88
1999-05-24,19.94,19.94,19.50,19.75,533100,3.78
1999-05-21,19.81,19.94,19.75,19.94,261900,3.81
1999-05-20,19.75,20.00,19.75,19.81,284100,3.79
1999-05-19,19.62,19.81,19.62,19.75,328500,3.78
1999-05-18,19.69,19.87,19.56,19.62,474000,3.75
1999-05-17,19.50,19.75,19.44,19.69,339900,3.76
1999-05-14,19.19,19.56,18.87,19.56,572400,3.74
1999-05-13,19.69,19.81,19.25,19.44,374400,3.72
1999-05-12,19.87,19.94,19.69,19.69,514800,3.76
1999-05-11,20.06,20.31,19.75,20.00,1651800,3.82
1999-05-10,17.81,20.87,17.75,20.31,2940900,3.88
1999-05-07,17.62,17.87,17.62,17.81,162600,3.40
1999-05-06,17.50,17.81,17.25,17.62,315900,3.37
1999-05-05,17.31,17.50,17.12,17.31,484800,3.31
1999-05-04,17.37,17.50,17.06,17.12,246600,3.27
1999-05-03,17.37,17.50,17.19,17.37,345900,3.32
1999-04-30,17.44,17.44,16.94,17.19,480900,3.29
1999-04-29,17.81,17.81,17.37,17.37,416700,3.32
1999-04-28,17.75,17.87,17.69,17.75,442500,3.39
1999-04-27,17.75,17.87,17.69,17.75,673200,3.39
1999-04-26,17.87,17.87,17.50,17.56,270600,3.36
1999-04-23,17.75,17.87,17.75,17.87,189900,3.42
1999-04-22,17.37,17.87,17.19,17.87,684900,3.42
1999-04-21,17.31,17.62,17.25,17.37,218100,3.32
1999-04-20,17.56,17.56,17.25,17.37,221700,3.32
1999-04-19,17.75,17.75,17.50,17.56,198900,3.36
1999-04-16,17.75,17.87,17.50,17.75,475200,3.39
1999-04-15,17.81,17.81,17.56,17.75,304200,3.39
1999-04-14,17.50,17.94,17.50,17.81,299100,3.40
1999-04-13,17.37,17.69,17.31,17.50,225900,3.35
1999-04-12,16.87,17.37,16.87,17.31,303900,3.31
1999-04-09,16.81,16.94,16.81,16.94,234300,3.24
1999-04-08,16.75,16.81,16.75,16.81,179400,3.21
1999-04-07,16.81,16.87,16.62,16.75,332400,3.20
1999-04-06,16.81,16.94,16.75,16.81,325200,3.21
1999-04-05,16.94,16.94,16.75,16.81,293100,3.21
1999-04-01,16.75,16.87,16.56,16.56,430800,3.17
1999-03-31,16.75,16.81,16.56,16.69,310200,3.19
1999-03-30,16.75,16.81,16.56,16.62,363900,3.18
1999-03-29,16.94,17.06,16.75,16.75,351600,3.20
1999-03-26,16.56,16.94,16.56,16.75,361800,3.20
1999-03-25,16.94,17.00,16.50,16.56,525000,3.17
1999-03-24,16.81,16.94,16.75,16.81,462600,3.21
1999-03-23,16.75,16.87,16.69,16.75,463200,3.20
1999-03-22,16.37,16.75,16.37,16.75,460800,3.20
1999-03-19,16.50,16.62,16.37,16.37,831900,3.13
1999-03-18,16.56,16.75,16.50,16.50,425700,3.15
1999-03-17,16.62,16.81,16.56,16.69,630600,3.19
1999-03-16,16.56,16.81,16.31,16.62,847500,3.18
1999-03-15,17.00,17.12,16.56,16.62,972600,3.18
1999-03-12,17.19,17.44,16.87,17.00,2484300,3.25
1999-03-11,17.56,17.94,17.25,17.31,2764800,3.31
1999-03-10,17.62,17.87,17.50,17.69,553500,3.38
1999-03-09,17.69,17.81,17.56,17.62,465900,3.37
1999-03-08,17.75,17.75,17.50,17.75,711600,3.39
1999-03-05,17.87,17.94,17.69,17.87,663300,3.42
1999-03-04,17.62,18.00,17.37,17.62,1983300,3.37
1999-03-03,16.94,17.69,16.87,17.56,1665600,3.36
1999-03-02,16.00,16.94,16.00,16.94,4773900,3.24
1999-03-01,20.37,20.37,15.00,15.94,3336600,3.05
1999-02-26,20.00,20.37,20.00,20.31,133500,3.88
1999-02-25,19.87,20.00,19.56,19.87,268500,3.80
1999-02-24,20.62,20.94,20.19,20.25,481800,3.87
1999-02-23,20.87,21.44,20.87,21.00,432600,3.94
1999-02-22,20.50,21.03,20.50,20.75,486900,3.90
1999-02-19,20.44,20.69,20.00,20.44,324000,3.84
1999-02-18,20.00,20.37,19.87,20.31,165000,3.82
1999-02-17,20.50,20.50,20.00,20.00,366600,3.76
1999-02-16,20.56,20.75,20.50,20.50,774300,3.85
1999-02-12,20.56,20.69,20.50,20.62,122700,3.87
1999-02-11,20.31,20.87,20.25,20.87,221400,3.92
1999-02-10,20.75,20.75,20.37,20.44,335100,3.84
1999-02-09,20.87,20.87,20.50,20.75,189000,3.90
1999-02-08,21.25,21.25,20.69,20.94,281400,3.93
1999-02-05,22.00,22.00,21.25,21.25,114300,3.99
1999-02-04,22.44,22.44,22.00,22.06,109200,4.14
1999-02-03,22.31,22.31,22.00,22.25,126000,4.18
1999-02-02,21.94,22.31,21.69,22.31,277500,4.19
1999-02-01,21.94,22.12,21.94,21.94,151800,4.12
1999-01-29,21.94,22.06,21.69,21.94,270000,4.12
1999-01-28,21.81,21.87,21.37,21.87,374400,4.11
1999-01-27,22.25,22.25,21.87,21.94,179400,4.12
1999-01-26,22.06,22.31,22.00,22.31,215700,4.19
1999-01-25,22.37,22.37,21.94,22.19,219000,4.17
1999-01-22,22.12,22.44,21.62,22.31,202500,4.19
1999-01-21,22.06,22.25,22.06,22.25,90900,4.18
1999-01-20,22.19,22.50,22.12,22.12,146700,4.16
1999-01-19,22.37,22.56,22.00,22.25,306900,4.18
1999-01-15,22.25,22.50,22.25,22.50,165000,4.23
1999-01-14,22.56,22.62,22.37,22.37,255900,4.20
1999-01-13,22.62,22.62,22.06,22.50,340200,4.23
1999-01-12,23.12,23.12,22.62,22.69,279000,4.26
1999-01-11,23.25,23.44,23.25,23.31,213300,4.38
1999-01-08,23.25,23.44,22.75,23.25,298500,4.37
1999-01-07,23.56,23.75,23.50,23.50,171900,4.41
1999-01-06,23.56,23.75,23.50,23.75,131700,4.46
1999-01-05,23.37,23.75,23.00,23.69,338400,4.45
1999-01-04,23.75,24.37,23.12,23.19,212700,4.36
1998-12-31,23.37,23.81,23.31,23.75,61500,4.46
1998-12-30,23.50,23.56,23.31,23.50,63300,4.41
1998-12-29,23.44,23.62,23.25,23.50,92400,4.41
1998-12-28,23.31,23.37,22.94,23.37,103500,4.39
1998-12-24,23.06,23.44,23.00,23.31,320100,4.38
1998-12-23,23.00,23.37,22.75,23.19,131700,4.36
1998-12-22,23.37,23.62,22.75,23.06,129300,4.33
1998-12-21,23.00,23.62,22.62,23.25,135600,4.37
1998-12-18,22.50,23.12,22.25,23.12,187500,4.34
1998-12-17,22.37,22.62,22.12,22.56,69300,4.24
1998-12-16,22.19,22.69,21.62,22.69,312600,4.26
1998-12-15,23.25,23.56,22.12,22.12,300600,4.16
1998-12-14,23.50,23.62,23.19,23.19,73500,4.36
1998-12-11,23.69,23.81,23.50,23.50,48300,4.41
1998-12-10,23.75,23.87,23.62,23.81,99300,4.47
1998-12-09,23.94,24.00,23.62,23.94,398100,4.50
1998-12-08,24.31,24.31,23.87,23.94,70200,4.50
1998-12-07,24.44,24.50,24.25,24.37,66900,4.58
1998-12-04,24.25,24.37,24.12,24.31,46500,4.57
1998-12-03,23.87,24.37,23.50,24.37,141000,4.58
1998-12-02,24.62,24.62,23.87,24.12,92400,4.53
1998-12-01,24.44,24.62,24.12,24.62,366000,4.62
1998-11-30,24.94,24.94,23.94,24.37,149400,4.58
1998-11-27,25.06,25.06,24.87,24.94,39000,4.68
1998-11-25,25.00,25.75,25.00,25.00,430800,4.70
1998-11-24,25.06,25.19,25.00,25.12,242400,4.65
1998-11-23,25.06,25.50,24.75,25.19,183900,4.66
1998-11-20,24.94,25.19,24.87,25.19,248400,4.66
1998-11-19,24.56,24.87,24.56,24.75,146400,4.58
1998-11-18,24.44,24.56,24.37,24.44,101700,4.52
1998-11-17,24.37,24.50,24.19,24.37,92400,4.51
1998-11-16,24.56,24.62,24.19,24.25,271500,4.49
1998-11-13,24.62,24.69,24.56,24.62,189300,4.56
1998-11-12,24.06,24.56,24.00,24.50,210600,4.54
1998-11-11,23.75,24.06,23.75,23.94,152700,4.43
1998-11-10,23.62,23.69,23.37,23.56,65700,4.36
1998-11-09,23.19,23.69,22.94,23.44,180900,4.34
1998-11-06,23.69,23.81,23.12,23.19,167400,4.29
1998-11-05,23.81,24.00,23.62,23.81,222600,4.41
1998-11-04,23.69,23.87,23.50,23.69,90000,4.39
1998-11-03,23.44,23.75,23.44,23.56,127500,4.36
1998-11-02,23.12,23.62,23.12,23.44,191700,4.34
1998-10-30,23.19,23.44,22.75,22.87,111900,4.23
1998-10-29,22.81,23.25,22.75,23.00,155700,4.26
1998-10-28,22.62,22.94,22.44,22.75,156600,4.21
1998-10-27,22.94,23.25,22.44,22.75,215100,4.21
1998-10-26,22.75,23.31,22.62,22.81,243300,4.22
1998-10-23,22.69,22.87,22.56,22.81,165600,4.22
1998-10-22,22.62,22.81,22.44,22.56,132600,4.18
1998-10-21,22.94,23.00,22.56,22.69,256500,4.20
1998-10-20,23.00,23.44,22.94,22.94,135600,4.25
1998-10-19,23.19,23.62,23.00,23.00,159300,4.26
1998-10-16,23.12,23.50,23.12,23.31,124200,4.32
1998-10-15,22.44,23.25,22.44,23.06,180000,4.27
1998-10-14,22.62,22.62,22.25,22.37,274200,4.14
1998-10-13,22.56,23.00,22.44,22.56,132300,4.18
1998-10-12,22.37,23.06,22.37,22.69,208500,4.20
1998-10-09,23.44,23.44,22.19,22.31,270000,4.13
1998-10-08,22.87,23.44,22.56,23.19,134100,4.29
1998-10-07,22.87,23.06,22.81,22.94,184200,4.25
1998-10-06,23.31,23.56,22.94,23.00,113100,4.26
1998-10-05,23.31,23.69,23.06,23.06,96900,4.27
1998-10-02,22.87,23.87,22.81,23.12,260100,4.28
1998-10-01,23.37,23.69,22.56,22.75,186600,4.21
1998-09-30,22.44,23.12,22.37,23.12,125700,4.28
1998-09-29,22.56,22.62,22.06,22.44,277500,4.15
1998-09-28,22.50,23.06,22.44,22.69,159900,4.20
1998-09-25,22.50,22.62,22.06,22.50,300600,4.17
1998-09-24,22.94,23.12,22.12,22.75,251700,4.21
1998-09-23,22.62,23.75,22.62,23.37,344400,4.33
1998-09-22,22.75,23.00,22.75,22.75,183900,4.21
1998-09-21,22.06,23.00,21.62,22.62,212700,4.19
1998-09-18,22.12,22.37,21.69,22.06,356400,4.08
1998-09-17,21.87,22.06,21.56,22.06,107400,4.08
1998-09-16,22.12,22.25,21.87,22.06,121800,4.08
1998-09-15,21.75,22.06,21.31,22.06,202500,4.08
1998-09-14,22.19,22.25,21.62,21.62,281700,4.00
1998-09-11,21.56,22.50,21.50,22.19,268200,4.11
1998-09-10,21.25,21.50,21.19,21.37,161400,3.96
1998-09-09,21.25,21.81,21.00,21.56,277500,3.99
1998-09-08,21.44,22.19,21.44,21.62,218400,4.00
1998-09-04,20.87,21.19,20.69,21.19,228900,3.92
1998-09-03,21.00,21.06,20.50,20.81,317400,3.85
1998-09-02,21.94,22.00,21.19,21.25,217500,3.93
1998-09-01,22.00,22.69,21.75,21.81,271500,4.04
1998-08-31,22.25,22.50,21.87,22.00,246000,4.07
1998-08-28,22.12,22.44,22.00,22.31,341400,4.13
1998-08-27,22.69,22.69,21.94,22.00,169200,4.07
1998-08-26,23.12,23.19,23.00,23.06,198300,4.20
1998-08-25,23.50,23.94,23.25,23.31,203100,4.25
1998-08-24,22.81,23.56,22.81,23.37,149100,4.26
1998-08-21,23.19,23.19,22.69,22.94,122400,4.18
1998-08-20,22.87,23.12,22.87,23.12,220800,4.21
1998-08-19,23.75,23.75,22.75,22.94,273900,4.18
1998-08-18,22.62,24.06,22.62,23.56,340800,4.29
1998-08-17,23.12,23.31,22.94,23.12,229800,4.21
1998-08-14,23.12,23.37,23.06,23.12,209400,4.21
1998-08-13,23.06,23.44,23.06,23.25,312300,4.24
1998-08-12,22.87,23.69,22.87,23.44,192600,4.27
1998-08-11,22.94,23.12,22.50,23.12,312300,4.21
1998-08-10,23.19,23.37,22.94,23.19,156600,4.22
1998-08-07,22.94,24.06,22.94,23.37,111000,4.26
1998-08-06,23.25,23.37,22.94,23.12,96600,4.21
1998-08-05,23.00,23.44,22.75,23.12,129000,4.21
1998-08-04,23.00,23.37,22.62,22.87,171000,4.17
1998-08-03,23.50,23.50,22.50,23.12,326700,4.21
1998-07-31,23.94,24.06,23.44,23.50,145200,4.28
1998-07-30,23.56,24.06,23.56,24.06,156000,4.38
1998-07-29,23.44,23.87,23.44,23.56,180900,4.29
1998-07-28,23.81,23.94,23.50,23.69,200100,4.32
1998-07-27,24.25,24.31,23.81,24.00,180900,4.37
1998-07-24,24.50,24.62,24.25,24.25,107400,4.42
1998-07-23,24.62,24.69,24.50,24.50,89100,4.46
1998-07-22,24.44,24.69,24.44,24.56,138900,4.47
1998-07-21,24.87,24.87,24.62,24.69,97500,4.50
1998-07-20,24.75,24.87,24.69,24.75,68100,4.51
1998-07-17,24.94,24.94,24.62,24.69,121800,4.50
1998-07-16,24.81,24.94,24.44,24.75,210900,4.51
1998-07-15,24.81,24.94,24.62,24.87,134400,4.53
1998-07-14,24.75,24.94,24.62,24.94,124800,4.54
1998-07-13,24.94,24.94,24.62,24.75,269400,4.51
1998-07-10,25.31,25.44,25.00,25.12,157500,4.58
1998-07-09,25.19,25.44,25.00,25.44,125100,4.63
1998-07-08,25.06,25.37,25.00,25.19,182700,4.59
1998-07-07,25.44,25.62,25.00,25.06,126600,4.57
1998-07-06,25.37,25.69,25.25,25.44,189000,4.63
1998-07-02,25.81,25.81,25.19,25.19,93300,4.59
1998-07-01,24.87,25.19,24.87,25.19,148200,4.59
1998-06-30,25.00,25.12,24.75,24.87,325200,4.53
1998-06-29,24.12,24.75,24.12,24.75,973200,4.51
1998-06-26,24.44,24.56,23.75,24.12,193500,4.39
1998-06-25,24.62,25.00,24.37,24.50,192300,4.46
1998-06-24,24.75,24.87,24.62,24.62,84900,4.49
1998-06-23,24.69,25.00,24.56,24.75,83100,4.51
1998-06-22,24.31,24.81,24.31,24.62,90900,4.49
1998-06-19,24.81,24.81,24.31,24.31,204000,4.43
1998-06-18,24.81,25.00,24.44,24.69,355200,4.50
1998-06-17,24.37,24.87,24.37,24.81,218100,4.52
1998-06-16,24.69,24.69,24.37,24.50,199800,4.46
1998-06-15,25.50,25.56,24.00,24.75,272700,4.51
1998-06-12,25.25,25.69,25.25,25.62,92700,4.67
1998-06-11,25.87,25.87,25.25,25.25,92700,4.60
1998-06-10,25.81,25.94,25.69,25.87,132300,4.71
1998-06-09,26.00,26.12,25.62,25.69,849900,4.68
1998-06-08,25.75,26.25,25.75,25.87,152400,4.71
1998-06-05,25.81,26.06,25.81,25.94,176700,4.73
1998-06-04,25.81,26.06,25.62,25.94,250200,4.73
1998-06-03,25.12,25.75,25.06,25.69,122400,4.68
1998-06-02,25.12,25.50,24.94,25.12,190200,4.58
1998-06-01,25.19,25.56,25.12,25.25,106800,4.60
1998-05-29,25.12,25.75,25.12,25.31,107700,4.61
1998-05-28,24.81,25.31,24.81,25.00,135000,4.55
1998-05-27,24.81,25.31,24.62,24.94,166800,4.54
1998-05-26,25.56,25.87,25.50,25.56,180900,4.59
1998-05-22,25.56,25.75,25.44,25.56,124200,4.59
1998-05-21,25.31,25.81,25.31,25.75,110700,4.62
1998-05-20,25.75,25.75,25.50,25.56,109800,4.59
1998-05-19,25.87,26.12,25.56,25.69,302400,4.61
1998-05-18,25.69,25.87,25.56,25.87,153300,4.65
1998-05-15,26.00,26.19,25.69,25.75,123300,4.62
1998-05-14,26.19,26.62,25.94,25.94,134100,4.66
1998-05-13,26.50,26.75,26.37,26.37,445200,4.74
1998-05-12,26.50,26.87,26.44,26.50,152400,4.76
1998-05-11,26.50,27.06,26.44,26.75,810000,4.80
1998-05-08,26.12,26.69,26.12,26.37,86700,4.74
1998-05-07,26.25,26.44,25.87,26.25,190800,4.71
1998-05-06,26.44,26.81,26.37,26.50,124200,4.76
1998-05-05,27.25,27.25,26.37,26.44,305700,4.75
1998-05-04,27.50,28.12,27.25,27.37,271800,4.92
1998-05-01,27.50,27.56,27.12,27.50,272400,4.94
1998-04-30,26.19,27.75,26.19,27.75,231000,4.98
1998-04-29,26.50,26.87,26.19,26.19,104400,4.70
1998-04-28,26.12,26.69,26.12,26.50,121500,4.76
1998-04-27,26.19,26.37,25.62,26.31,201000,4.72
1998-04-24,26.19,26.75,26.12,26.44,151800,4.75
1998-04-23,26.44,26.62,25.75,26.19,269100,4.70
1998-04-22,27.00,27.06,26.75,26.81,180600,4.81
1998-04-21,27.37,27.75,27.31,27.37,124200,4.92
1998-04-20,27.81,27.94,27.12,27.19,156600,4.88
1998-04-17,27.75,28.19,27.62,27.94,133500,5.02
1998-04-16,28.00,28.12,27.94,28.00,177600,5.03
1998-04-15,27.87,28.25,27.87,28.19,349200,5.06
1998-04-14,28.31,28.31,27.75,27.87,160800,5.00
1998-04-13,28.50,28.62,28.37,28.37,453300,5.09
1998-04-09,28.50,28.69,28.50,28.50,97500,5.12
1998-04-08,28.37,28.75,28.37,28.56,120600,5.13
1998-04-07,28.56,28.75,28.44,28.50,135600,5.12
1998-04-06,28.50,28.75,28.50,28.75,181800,5.16
1998-04-03,28.37,28.62,28.25,28.62,606600,5.14
1998-04-02,28.25,28.44,28.12,28.37,470100,5.09
1998-04-01,28.31,28.50,27.94,28.06,429300,5.04
1998-03-31,27.81,28.37,27.81,28.25,119100,5.07
1998-03-30,28.31,28.37,27.75,27.87,246600,5.00
1998-03-27,28.50,28.50,28.37,28.37,167400,5.09
1998-03-26,28.62,28.62,28.37,28.37,225600,5.09
1998-03-25,28.44,28.75,28.37,28.75,345000,5.16
1998-03-24,28.25,28.62,28.25,28.62,102300,5.14
1998-03-23,28.25,28.75,28.25,28.50,221400,5.12
1998-03-20,28.12,28.69,28.06,28.37,186600,5.09
1998-03-19,27.81,28.19,27.75,28.19,131400,5.06
1998-03-18,28.31,28.31,27.81,28.00,122400,5.03
1998-03-17,28.37,28.75,28.37,28.56,167400,5.13
1998-03-16,27.75,28.37,27.75,28.25,129000,5.07
1998-03-13,27.75,27.75,27.25,27.69,114000,4.97
1998-03-12,27.94,28.00,27.75,28.00,84000,5.03
1998-03-11,27.69,28.12,27.56,28.12,94800,5.05
1998-03-10,27.81,27.94,27.00,27.87,263400,5.00
1998-03-09,27.81,28.12,27.62,27.94,155100,5.02
1998-03-06,27.81,28.50,27.81,28.06,361500,5.04
1998-03-05,28.19,28.19,27.75,27.87,90600,5.00
1998-03-04,28.37,28.37,28.00,28.37,141000,5.09
1998-03-03,28.50,28.56,28.37,28.56,122400,5.13
1998-03-02,28.56,28.81,28.50,28.56,402600,5.13
1998-02-27,28.44,28.69,28.31,28.62,59400,5.14
1998-02-26,28.62,28.69,28.44,28.44,62400,5.11
1998-02-25,28.44,28.87,28.25,28.75,149100,5.16
1998-02-24,28.44,28.75,28.44,28.56,104400,5.06
1998-02-23,28.81,28.81,28.25,28.62,171600,5.07
1998-02-20,28.69,28.69,28.00,28.69,127500,5.09
1998-02-19,28.94,28.94,28.62,28.75,136500,5.10
1998-02-18,29.19,29.37,28.62,28.81,151800,5.11
1998-02-17,28.87,29.37,28.81,29.37,128400,5.21
1998-02-13,29.31,29.31,28.69,28.81,180600,5.11
1998-02-12,28.81,29.06,28.69,29.06,141600,5.15
1998-02-11,28.81,29.06,28.75,28.81,126600,5.11
1998-02-10,29.00,29.06,28.81,28.81,209100,5.11
1998-02-09,28.81,29.00,28.62,28.81,152700,5.11
1998-02-06,29.00,29.19,29.00,29.06,137400,5.15
1998-02-05,28.81,29.19,28.81,29.19,212400,5.18
1998-02-04,28.87,29.12,28.75,28.81,159900,5.11
1998-02-03,28.62,29.19,28.56,29.06,106500,5.15
1998-02-02,28.31,28.87,28.31,28.75,346500,5.10
1998-01-30,28.44,28.75,28.06,28.31,168900,5.02
1998-01-29,28.31,28.75,28.31,28.62,149100,5.07
1998-01-28,28.50,28.81,28.25,28.37,161700,5.03
1998-01-27,28.62,28.87,28.25,28.50,163500,5.05
1998-01-26,28.75,28.87,28.56,28.69,184200,5.09
1998-01-23,28.81,28.94,28.81,28.81,70800,5.11
1998-01-22,28.81,29.00,28.75,28.75,164400,5.10
1998-01-21,29.12,29.12,28.81,29.00,233100,5.14
1998-01-20,28.62,29.37,28.62,29.37,135000,5.21
1998-01-16,29.00,29.12,28.62,28.62,414900,5.07
1998-01-15,28.44,28.87,28.44,28.75,117300,5.10
1998-01-14,28.50,28.75,28.31,28.62,240600,5.07
1998-01-13,28.00,28.50,28.00,28.50,270000,5.05
1998-01-12,27.50,28.31,27.50,28.19,143100,5.00
1998-01-09,28.06,28.19,27.62,27.75,219000,4.92
1998-01-08,27.87,28.25,27.69,28.19,159000,5.00
1998-01-07,28.25,28.62,27.94,28.00,222600,4.96
1998-01-06,28.25,28.31,28.00,28.25,109800,5.01
1998-01-05,28.94,29.75,28.50,28.50,252600,5.05
1998-01-02,29.50,29.50,28.19,28.44,152400,5.04
1997-12-31,29.69,30.12,29.31,29.31,139800,5.20
1997-12-30,29.12,29.81,29.12,29.81,129300,5.29
1997-12-29,28.12,29.87,28.12,29.12,219900,5.16
1997-12-26,28.31,28.50,27.94,27.94,39300,4.95
1997-12-24,28.37,28.50,28.06,28.06,174900,4.98
1997-12-23,28.25,28.62,28.12,28.37,459900,5.03
1997-12-22,27.69,28.62,27.69,28.25,355200,5.01
1997-12-19,27.25,27.50,26.87,27.44,194400,4.87
1997-12-18,27.50,27.69,27.37,27.50,134100,4.88
1997-12-17,27.31,27.56,27.25,27.50,84000,4.88
1997-12-16,27.25,27.62,27.25,27.37,104100,4.85
1997-12-15,27.87,27.87,26.94,27.19,629400,4.82
1997-12-12,27.50,27.50,27.12,27.37,78900,4.85
1997-12-11,27.69,27.69,27.06,27.37,106800,4.85
1997-12-10,28.00,28.06,27.50,27.62,162300,4.90
1997-12-09,28.19,28.50,28.00,28.12,271500,4.99
1997-12-08,28.00,28.19,27.94,28.00,171900,4.96
1997-12-05,27.81,28.06,27.62,28.00,185700,4.96
1997-12-04,27.81,28.00,27.69,27.94,154200,4.95
1997-12-03,27.62,28.00,27.56,27.94,221700,4.95
1997-12-02,27.94,27.94,27.50,27.62,256800,4.90
1997-12-01,27.81,27.94,27.62,27.94,195000,4.95
1997-11-28,27.75,27.81,27.62,27.69,173100,4.91
1997-11-26,27.69,27.81,27.69,27.75,96000,4.92
1997-11-25,27.94,28.00,27.56,27.69,346800,4.91
1997-11-24,27.75,28.31,27.75,28.19,230100,4.93
1997-11-21,28.19,28.37,27.69,27.81,94200,4.87
1997-11-20,27.69,28.31,27.69,27.94,108900,4.89
1997-11-19,27.69,27.81,27.37,27.56,64200,4.82
1997-11-18,27.87,27.87,27.31,27.69,99000,4.85
1997-11-17,26.94,28.00,26.94,27.62,171600,4.84
1997-11-14,26.81,26.94,26.50,26.94,94200,4.72
1997-11-13,26.87,26.94,26.50,26.75,96000,4.68
1997-11-12,27.06,27.12,26.69,26.87,107400,4.70
1997-11-11,26.87,27.25,26.87,27.19,76500,4.76
1997-11-10,26.62,27.37,26.50,27.00,102300,4.73
1997-11-07,26.50,26.75,26.25,26.62,152700,4.66
1997-11-06,27.37,27.37,26.62,26.75,67500,4.68
1997-11-05,27.25,27.75,27.00,27.25,61800,4.77
1997-11-04,27.37,27.50,27.19,27.31,159900,4.78
1997-11-03,27.12,27.50,27.12,27.12,100800,4.75
1997-10-31,26.81,27.19,26.75,26.87,263400,4.70
1997-10-30,27.00,27.06,26.62,26.81,81900,4.69
1997-10-29,26.94,27.25,26.81,27.00,123900,4.73
1997-10-28,25.62,27.12,25.12,26.94,284100,4.72
1997-10-27,27.31,27.50,25.50,25.87,114000,4.53
1997-10-24,27.37,27.69,27.31,27.56,136800,4.82
1997-10-23,27.56,27.56,26.81,27.19,104100,4.76
1997-10-22,27.62,27.81,27.44,27.69,284400,4.85
1997-10-21,27.81,28.00,27.50,27.62,93900,4.84
1997-10-20,27.12,28.06,27.00,27.87,129300,4.88
1997-10-17,27.75,28.00,26.75,27.00,152700,4.73
1997-10-16,27.81,28.12,27.62,28.12,138900,4.92
1997-10-15,28.06,28.06,27.56,27.87,91800,4.88
1997-10-14,27.87,28.25,27.81,28.25,123900,4.95
1997-10-13,27.62,28.00,27.62,28.00,108300,4.90
1997-10-10,27.75,27.94,27.50,27.87,96000,4.88
1997-10-09,27.56,27.94,27.37,27.75,100200,4.86
1997-10-08,28.12,28.12,27.56,27.69,198300,4.85
1997-10-07,28.12,28.44,28.12,28.19,101700,4.93
1997-10-06,28.06,28.50,28.06,28.25,83100,4.95
1997-10-03,28.12,28.50,28.12,28.12,114900,4.92
1997-10-02,28.50,28.62,28.06,28.06,210000,4.91
1997-10-01,27.87,27.87,27.75,27.87,126900,4.88
1997-09-30,27.87,28.00,27.56,27.62,132300,4.84
1997-09-29,27.56,27.87,27.56,27.87,160200,4.88
1997-09-26,26.62,27.75,26.50,27.56,272400,4.82
1997-09-25,27.12,27.25,26.81,26.87,63300,4.70
1997-09-24,27.00,27.31,26.94,27.12,120900,4.75
1997-09-23,27.00,27.44,27.00,27.25,153300,4.77
1997-09-22,26.81,27.31,26.75,27.19,153900,4.76
1997-09-19,26.56,26.87,26.56,26.81,114900,4.69
1997-09-18,27.06,27.19,27.00,27.00,132600,4.73
1997-09-17,27.06,27.31,26.87,27.19,188400,4.76
1997-09-16,26.62,27.19,26.44,27.06,310200,4.74
1997-09-15,27.50,27.50,26.50,26.50,183900,4.64
1997-09-12,26.56,27.00,26.12,27.00,72600,4.73
1997-09-11,26.00,26.75,26.00,26.62,77700,4.66
1997-09-10,26.56,26.56,26.00,26.06,99300,4.56
1997-09-09,26.81,26.81,26.31,26.44,91800,4.63
1997-09-08,26.94,27.00,26.69,26.81,116400,4.69
1997-09-05,26.25,26.75,26.25,26.75,149400,4.68
1997-09-04,26.44,26.50,26.25,26.31,101400,4.61
1997-09-03,26.25,26.81,26.25,26.56,237600,4.65
1997-09-02,26.12,26.37,26.12,26.25,106800,4.60
1997-08-29,26.19,26.37,26.00,26.12,103500,4.57
1997-08-28,25.94,26.19,25.81,26.19,189300,4.58
1997-08-27,26.00,26.00,25.69,25.87,118200,4.53
1997-08-26,26.00,26.37,26.00,26.31,241800,4.54
1997-08-25,26.50,26.50,26.00,26.12,312300,4.51
1997-08-22,26.19,26.50,26.00,26.44,257400,4.57
1997-08-21,26.56,26.56,26.37,26.44,203100,4.57
1997-08-20,25.94,26.62,25.94,26.56,265800,4.59
1997-08-19,25.69,26.06,25.62,26.06,251700,4.50
1997-08-18,25.44,25.75,25.37,25.50,111600,4.40
1997-08-15,26.06,26.06,25.44,25.50,160200,4.40
1997-08-14,25.75,26.12,25.75,26.06,163200,4.50
1997-08-13,26.25,26.31,25.62,25.62,220200,4.42
1997-08-12,26.00,26.19,25.87,26.12,165600,4.51
1997-08-11,25.69,26.37,25.69,26.12,261000,4.51
1997-08-08,25.81,25.81,24.94,25.44,271500,4.39
1997-08-07,26.25,26.25,25.62,25.69,362400,4.44
1997-08-06,25.12,26.56,25.12,26.19,758400,4.52
1997-08-05,24.87,25.44,24.87,25.25,271500,4.36
1997-08-04,25.37,25.37,24.81,24.87,390900,4.29
1997-08-01,24.62,25.37,24.50,25.12,624000,4.34
1997-07-31,24.50,25.00,24.31,24.62,931800,4.25
1997-07-30,23.56,23.94,23.44,23.56,158100,4.07
1997-07-29,23.25,23.81,23.25,23.56,105000,4.07
1997-07-28,23.37,23.62,23.25,23.25,67500,4.01
1997-07-25,23.37,23.62,23.25,23.50,290100,4.06
1997-07-24,23.81,23.81,23.44,23.50,122700,4.06
1997-07-23,23.81,23.94,23.62,23.81,218100,4.11
1997-07-22,23.69,23.87,23.56,23.81,191700,4.11
1997-07-21,23.69,23.81,23.62,23.62,160800,4.08
1997-07-18,23.75,23.81,23.62,23.75,108300,4.10
1997-07-17,23.62,23.81,23.62,23.75,132600,4.10
1997-07-16,23.56,23.81,23.44,23.62,130800,4.08
1997-07-15,23.37,23.56,23.19,23.31,114900,4.02
1997-07-14,23.69,23.81,23.50,23.56,150900,4.07
1997-07-11,23.44,23.81,23.44,23.69,136500,4.09
1997-07-10,23.25,23.69,23.19,23.56,126600,4.07
1997-07-09,23.62,23.62,23.19,23.25,184200,4.01
1997-07-08,23.12,23.44,23.12,23.44,132600,4.05
1997-07-07,23.50,23.50,22.94,23.12,180600,3.99
1997-07-03,22.94,23.31,22.94,23.25,135600,4.01
1997-07-02,22.50,23.00,22.50,23.00,165000,3.97
1997-07-01,22.12,22.56,22.12,22.44,304200,3.87
1997-06-30,22.25,22.75,22.12,22.12,246000,3.82
1997-06-27,22.25,22.44,22.12,22.37,132300,3.86
1997-06-26,22.00,22.44,22.00,22.19,300600,3.83
1997-06-25,22.37,22.44,21.94,22.25,345000,3.84
1997-06-24,22.62,22.62,22.19,22.37,159900,3.86
1997-06-23,22.37,22.62,22.37,22.50,123300,3.88
1997-06-20,22.00,22.50,22.00,22.25,265800,3.84
1997-06-19,22.50,22.62,22.37,22.62,164400,3.91
1997-06-18,22.75,22.75,22.50,22.50,198900,3.88
1997-06-17,22.75,22.75,22.62,22.62,170100,3.91
1997-06-16,22.75,23.00,22.62,22.87,125100,3.95
1997-06-13,22.87,23.00,22.62,22.75,217500,3.93
1997-06-12,23.00,23.12,22.87,22.87,340800,3.95
1997-06-11,22.12,23.12,22.12,23.00,262500,3.97
1997-06-10,22.00,22.25,21.87,22.25,333900,3.84
1997-06-09,22.25,22.37,21.87,22.00,392400,3.80
1997-06-06,22.00,22.37,21.87,22.37,521100,3.86
1997-06-05,22.75,22.75,22.00,22.00,248100,3.80
1997-06-04,22.75,22.87,22.62,22.62,83100,3.91
1997-06-03,22.25,23.00,22.25,23.00,120900,3.97
1997-06-02,22.62,22.62,22.12,22.25,326400,3.84
1997-05-30,22.50,22.62,22.25,22.62,262500,3.91
1997-05-29,22.62,22.75,22.37,22.62,150000,3.91
1997-05-28,23.00,23.00,22.75,22.75,132600,3.93
1997-05-27,23.62,23.62,23.25,23.37,152700,3.97
1997-05-23,23.25,23.62,23.12,23.50,116700,4.00
1997-05-22,23.00,23.37,23.00,23.37,76500,3.97
1997-05-21,23.37,23.37,22.87,23.00,72600,3.91
1997-05-20,23.00,23.37,22.62,23.25,172500,3.95
1997-05-19,23.37,23.50,22.87,23.12,144900,3.93
1997-05-16,23.37,23.50,23.12,23.12,90900,3.93
1997-05-15,23.00,23.62,23.00,23.25,108900,3.95
1997-05-14,23.37,24.00,23.25,23.25,138900,3.95
1997-05-13,22.87,23.37,22.87,23.37,130800,3.97
1997-05-12,22.87,23.37,22.87,23.12,76500,3.93
1997-05-09,23.12,23.12,22.75,22.87,224100,3.89
1997-05-08,23.25,23.37,22.75,22.87,154800,3.89
1997-05-07,23.37,23.62,23.37,23.50,129900,4.00
1997-05-06,24.00,24.25,23.00,23.37,269400,3.97
1997-05-05,23.75,24.25,23.62,24.00,205200,4.08
1997-05-02,23.37,23.87,23.37,23.75,183900,4.04
1997-05-01,22.75,23.50,22.75,23.37,197700,3.97
1997-04-30,22.37,22.87,22.37,22.75,165600,3.87
1997-04-29,22.00,22.87,22.00,22.25,137400,3.78
1997-04-28,21.75,22.12,21.62,22.12,170100,3.76
1997-04-25,22.25,22.37,22.00,22.00,104100,3.74
1997-04-24,22.25,22.62,22.12,22.37,148200,3.80
1997-04-23,22.12,22.50,22.00,22.37,196500,3.80
1997-04-22,22.62,22.75,22.50,22.62,213900,3.85
1997-04-21,23.37,23.50,22.87,22.87,178500,3.89
1997-04-18,22.87,23.37,22.62,23.37,90900,3.97
1997-04-17,23.12,23.12,22.75,22.87,69000,3.89
1997-04-16,23.12,23.37,23.00,23.00,126900,3.91
1997-04-15,22.87,23.37,22.75,23.25,81000,3.95
1997-04-14,22.87,23.00,22.62,22.87,68100,3.89
1997-04-11,23.25,23.25,22.87,23.12,116400,3.93
1997-04-10,23.50,23.87,23.37,23.37,134400,3.97
1997-04-09,23.12,23.50,23.12,23.50,212400,4.00
1997-04-08,24.00,24.25,23.75,23.75,150600,4.04
1997-04-07,23.62,24.37,23.62,24.12,66000,4.10
1997-04-04,23.87,23.87,23.62,23.75,79800,4.04
1997-04-03,23.87,24.00,23.25,24.00,135900,4.08
1997-04-02,24.00,24.37,23.75,23.87,126900,4.06
1997-04-01,23.87,24.00,23.12,23.50,279300,4.00
1997-03-31,24.12,24.37,23.75,23.75,135600,4.04
1997-03-27,24.75,24.87,24.12,24.37,235200,4.14
1997-03-26,24.62,24.87,24.50,24.75,78300,4.21
1997-03-25,24.87,24.87,24.50,24.50,216600,4.17
1997-03-24,24.62,24.87,24.62,24.87,220800,4.23
1997-03-21,25.37,25.37,24.62,24.75,368400,4.21
1997-03-20,24.62,24.87,24.62,24.75,214200,4.21
1997-03-19,24.87,24.87,24.50,24.62,130800,4.19
1997-03-18,24.00,24.75,24.00,24.75,543300,4.21
1997-03-17,24.50,24.62,24.00,24.00,240000,4.08
1997-03-14,24.37,24.62,24.37,24.62,104100,4.19
1997-03-13,24.37,24.50,24.37,24.50,97500,4.17
1997-03-12,24.50,24.62,24.50,24.50,131400,4.17
1997-03-11,24.75,24.75,24.37,24.62,106800,4.19
1997-03-10,24.37,24.62,24.37,24.62,98400,4.19
1997-03-07,24.37,24.50,24.25,24.37,111000,4.14
1997-03-06,24.62,24.62,24.25,24.37,120900,4.14
1997-03-05,24.75,24.75,24.37,24.50,76800,4.17
1997-03-04,24.75,24.87,24.50,24.75,154800,4.21
1997-03-03,24.75,24.87,24.50,24.62,223500,4.19
1997-02-28,24.37,24.87,24.37,24.87,214800,4.23
1997-02-27,24.25,24.50,24.12,24.50,227700,4.17
1997-02-26,24.50,24.62,24.12,24.37,90900,4.14
1997-02-25,24.37,25.00,24.37,24.75,200100,4.15
1997-02-24,24.62,24.87,24.37,24.50,194100,4.11
1997-02-21,24.37,24.75,24.37,24.50,205200,4.11
1997-02-20,24.50,24.62,24.12,24.25,160800,4.06
1997-02-19,24.25,24.75,24.25,24.50,396600,4.11
1997-02-18,24.00,24.12,23.87,24.00,324900,4.02
1997-02-14,24.25,24.37,23.75,23.75,205800,3.98
1997-02-13,23.87,24.25,23.87,24.00,291600,4.02
1997-02-12,23.87,23.87,23.62,23.62,143400,3.96
1997-02-11,23.87,23.87,23.75,23.75,165000,3.98
1997-02-10,23.75,23.87,23.62,23.75,128100,3.98
1997-02-07,23.87,23.87,23.50,23.62,242400,3.96
1997-02-06,23.50,23.87,23.37,23.87,294900,4.00
1997-02-05,23.37,23.62,23.25,23.37,231600,3.92
1997-02-04,23.25,23.50,23.25,23.50,184200,3.94
1997-02-03,23.12,23.37,23.12,23.25,194100,3.90
1997-01-31,23.25,23.37,22.75,23.00,176700,3.85
1997-01-30,23.25,23.50,23.00,23.37,370800,3.92
1997-01-29,23.12,23.25,23.00,23.12,195900,3.87
1997-01-28,23.25,23.25,22.75,22.87,181800,3.83
1997-01-27,23.25,23.50,23.12,23.25,377400,3.90
1997-01-24,22.25,23.25,22.25,23.25,495600,3.90
1997-01-23,22.37,22.75,22.12,22.12,333900,3.71
1997-01-22,22.62,22.75,22.37,22.50,189900,3.77
1997-01-21,22.50,22.62,22.37,22.50,135900,3.77
1997-01-20,22.37,22.62,22.25,22.62,102600,3.79
1997-01-17,22.12,22.37,22.12,22.37,135600,3.75
1997-01-16,22.62,22.62,22.12,22.12,211500,3.71
1997-01-15,22.50,22.62,22.37,22.37,125700,3.75
1997-01-14,22.62,22.75,22.37,22.37,158100,3.75
1997-01-13,22.00,22.50,21.87,22.50,278100,3.77
1997-01-10,22.12,22.37,21.87,21.87,319200,3.66
1997-01-09,22.25,22.62,22.12,22.37,92700,3.75
1997-01-08,22.50,22.50,22.12,22.37,132300,3.75
1997-01-07,22.00,22.50,22.00,22.37,123900,3.75
1997-01-06,22.50,22.50,21.87,22.00,182400,3.69
1997-01-03,22.50,22.50,22.25,22.50,164400,3.77
1997-01-02,22.37,22.37,21.75,21.87,125100,3.66
1996-12-31,23.00,23.25,22.25,22.37,190200,3.75
1996-12-30,22.75,23.50,22.75,23.12,220200,3.87
1996-12-27,22.00,22.50,22.00,22.50,151800,3.77
1996-12-26,21.75,22.12,21.75,22.00,216600,3.69
1996-12-24,21.75,21.75,21.62,21.62,62400,3.62
1996-12-23,22.00,22.12,21.62,21.75,120900,3.64
1996-12-20,21.50,22.00,21.50,21.87,120600,3.66
1996-12-19,21.25,21.50,21.12,21.25,216600,3.56
1996-12-18,21.12,21.25,21.00,21.12,268200,3.54
1996-12-17,21.00,21.12,20.87,21.00,452400,3.52
1996-12-16,21.12,21.25,21.00,21.00,555900,3.52
1996-12-13,21.37,21.37,21.12,21.12,306000,3.54
1996-12-12,21.75,21.87,21.37,21.50,192600,3.60
1996-12-11,22.37,22.37,21.87,21.87,120000,3.66
1996-12-10,22.50,22.75,22.37,22.50,246000,3.77
1996-12-09,22.62,23.00,22.50,22.62,188400,3.79
1996-12-06,22.37,22.75,22.25,22.37,212400,3.75
1996-12-05,22.75,23.00,22.37,22.62,148200,3.79
1996-12-04,22.62,22.87,22.62,22.75,102600,3.81
1996-12-03,22.12,22.75,22.12,22.62,192300,3.79
1996-12-02,22.00,22.25,22.00,22.12,180000,3.71
1996-11-29,22.25,22.25,21.75,21.87,135600,3.66
1996-11-27,22.37,22.62,22.25,22.25,151800,3.73
1996-11-26,22.37,22.87,22.37,22.50,76500,3.77
1996-11-25,22.75,22.87,22.50,22.87,343500,3.77
1996-11-22,22.87,23.00,22.62,23.00,193500,3.79
1996-11-21,23.25,23.25,22.75,22.75,158100,3.75
1996-11-20,23.12,23.25,23.00,23.12,117300,3.81
1996-11-19,23.25,23.25,23.12,23.12,101400,3.81
1996-11-18,23.12,23.25,23.12,23.12,91800,3.81
1996-11-15,23.25,23.37,23.12,23.12,171000,3.81
1996-11-14,23.12,23.25,23.12,23.12,81900,3.81
1996-11-13,23.12,23.37,23.12,23.12,102300,3.81
1996-11-12,23.12,23.25,23.12,23.12,223500,3.81
1996-11-11,23.37,23.37,23.12,23.25,129300,3.84
1996-11-08,23.25,23.37,23.25,23.25,100200,3.84
1996-11-07,23.37,23.37,23.25,23.37,106800,3.86
1996-11-06,23.37,23.50,23.37,23.37,142500,3.86
1996-11-05,23.25,23.50,23.25,23.50,84000,3.88
1996-11-04,23.50,23.50,23.25,23.25,99900,3.84
1996-11-01,23.62,23.62,23.37,23.50,54300,3.88
1996-10-31,23.75,23.75,23.50,23.62,105000,3.90
1996-10-30,23.87,24.12,23.62,23.75,45600,3.92
1996-10-29,23.62,24.12,23.62,24.00,160800,3.96
1996-10-28,23.12,23.62,23.12,23.50,60900,3.88
1996-10-25,23.12,23.37,23.12,23.25,55800,3.84
1996-10-24,23.12,23.25,23.12,23.25,38100,3.84
1996-10-23,23.37,23.50,23.12,23.12,94200,3.81
1996-10-22,23.50,23.75,23.50,23.50,54900,3.88
1996-10-21,23.62,23.75,23.50,23.50,74100,3.88
1996-10-18,24.00,24.00,23.75,23.75,83100,3.92
1996-10-17,23.62,24.00,23.62,24.00,84300,3.96
1996-10-16,23.50,23.87,23.50,23.75,61500,3.92
1996-10-15,23.12,23.62,23.12,23.50,113400,3.88
1996-10-14,23.00,23.12,22.87,23.00,65100,3.79
1996-10-11,22.62,22.87,22.62,22.75,151500,3.75
1996-10-10,23.12,23.25,22.37,22.75,268200,3.75
1996-10-09,23.50,23.62,23.25,23.25,49800,3.84
1996-10-08,23.50,23.62,23.12,23.37,114000,3.86
1996-10-07,23.50,23.62,23.25,23.50,133200,3.88
1996-10-04,23.37,23.75,23.37,23.62,94200,3.90
1996-10-03,23.37,23.50,23.12,23.12,75000,3.81
1996-10-02,23.37,23.37,23.12,23.37,171900,3.86
1996-10-01,23.75,23.75,23.00,23.12,106500,3.81
1996-09-30,23.75,23.87,23.50,23.50,82500,3.88
1996-09-27,23.50,23.75,23.50,23.62,68400,3.90
1996-09-26,23.12,23.50,23.12,23.50,64200,3.88
1996-09-25,23.37,23.37,23.12,23.25,62400,3.84
1996-09-24,23.25,23.50,23.12,23.25,135000,3.84
1996-09-23,23.00,23.25,22.87,23.25,147300,3.84
1996-09-20,22.75,23.12,22.75,23.12,84000,3.81
1996-09-19,23.00,23.12,22.75,23.00,63300,3.79
1996-09-18,22.87,22.87,22.62,22.87,158100,3.77
1996-09-17,22.87,23.00,22.87,22.87,122700,3.77
1996-09-16,23.25,23.37,23.00,23.12,491100,3.81
1996-09-13,23.87,23.87,23.37,23.50,120600,3.88
1996-09-12,23.62,23.62,23.25,23.62,100800,3.90
1996-09-11,23.50,23.75,23.50,23.62,57300,3.90
1996-09-10,23.75,23.75,23.50,23.62,73200,3.90
1996-09-09,23.50,23.75,23.50,23.62,95700,3.90
1996-09-06,23.50,23.75,23.37,23.50,98400,3.88
1996-09-05,23.50,23.75,23.50,23.50,174300,3.88
1996-09-04,23.50,23.75,23.37,23.62,124200,3.90
1996-09-03,23.37,23.62,23.25,23.37,231600,3.86
1996-08-30,23.50,23.62,23.37,23.37,60000,3.86
1996-08-29,23.75,23.87,23.50,23.62,102300,3.90
1996-08-28,23.87,24.12,23.75,23.87,100200,3.94
1996-08-27,24.00,24.62,24.00,24.50,250200,3.98
1996-08-26,24.50,24.50,23.87,24.00,194400,3.90
1996-08-23,24.50,24.62,24.12,24.50,131700,3.98
1996-08-22,24.75,24.75,24.00,24.75,175800,4.02
1996-08-21,24.37,24.75,24.37,24.50,132600,3.98
1996-08-20,24.37,24.62,24.12,24.25,101400,3.94
1996-08-19,24.50,24.87,24.50,24.50,155100,3.98
1996-08-16,24.12,24.37,24.00,24.25,100200,3.94
1996-08-15,24.12,24.37,23.87,24.37,150600,3.96
1996-08-14,24.00,24.50,23.87,24.25,136500,3.94
1996-08-13,23.62,24.00,23.50,24.00,146700,3.90
1996-08-12,23.12,23.75,23.12,23.62,199800,3.84
1996-08-09,22.87,23.25,22.87,23.12,390000,3.76
1996-08-08,23.00,23.00,22.87,22.87,86700,3.72
1996-08-07,23.00,23.00,22.87,23.00,249900,3.74
1996-08-06,23.37,23.37,22.75,23.00,185100,3.74
1996-08-05,23.25,23.62,23.25,23.37,150600,3.80
1996-08-02,22.87,23.50,22.87,23.00,223500,3.74
1996-08-01,22.50,22.75,22.37,22.62,64800,3.68
1996-07-31,22.37,22.37,22.25,22.25,74400,3.62
1996-07-30,22.50,22.87,22.12,22.37,95700,3.64
1996-07-29,22.37,22.50,22.12,22.37,69900,3.64
1996-07-26,22.25,22.37,22.25,22.25,30000,3.62
1996-07-25,22.37,22.50,21.87,22.25,106500,3.62
1996-07-24,22.37,22.50,22.12,22.25,67500,3.62
1996-07-23,22.50,22.62,22.37,22.62,98100,3.68
1996-07-22,23.25,23.25,22.62,22.62,71700,3.68
1996-07-19,23.37,23.50,23.12,23.25,108300,3.78
1996-07-18,23.00,23.37,23.00,23.12,121500,3.76
1996-07-17,22.50,22.87,22.50,22.87,64200,3.72
1996-07-16,23.00,23.00,22.00,22.37,180600,3.64
1996-07-15,23.12,23.25,22.62,23.00,78900,3.74
1996-07-12,22.75,23.37,22.75,23.37,68400,3.80
1996-07-11,23.12,23.25,22.87,22.87,74400,3.72
1996-07-10,23.12,23.25,23.00,23.25,98100,3.78
1996-07-09,22.75,23.00,22.62,22.87,66900,3.72
1996-07-08,22.75,23.00,22.37,22.87,75000,3.72
1996-07-05,23.12,23.12,22.62,22.62,69000,3.68
1996-07-03,23.12,23.37,22.87,23.25,171900,3.78
1996-07-02,23.25,23.37,22.87,23.37,154800,3.80
1996-07-01,22.25,22.87,22.12,22.87,176700,3.72
1996-06-28,21.75,22.87,21.75,22.25,514800,3.62
1996-06-27,21.75,21.87,21.25,21.75,279900,3.54
1996-06-26,22.00,22.00,21.87,21.87,180600,3.56
1996-06-25,22.37,22.37,21.87,22.00,363900,3.58
1996-06-24,22.00,22.25,22.00,22.25,192300,3.62
1996-06-21,22.50,22.50,22.12,22.25,103200,3.62
1996-06-20,22.25,22.50,22.25,22.37,153900,3.64
1996-06-19,22.00,22.37,21.75,22.25,412500,3.62
1996-06-18,22.50,22.62,22.25,22.37,90000,3.64
1996-06-17,22.75,22.75,22.50,22.50,114900,3.66
1996-06-14,22.50,22.75,22.37,22.62,189300,3.68
1996-06-13,22.37,22.37,22.25,22.25,114000,3.62
1996-06-12,22.25,22.50,22.25,22.50,157500,3.66
1996-06-11,22.50,22.75,22.37,22.50,194100,3.66
1996-06-10,22.75,22.87,22.37,22.50,100800,3.66
1996-06-07,22.75,23.00,22.75,22.87,78300,3.72
1996-06-06,23.00,23.00,22.75,23.00,135000,3.74
1996-06-05,23.62,23.62,23.00,23.12,225000,3.76
1996-06-04,23.50,23.50,23.25,23.50,65100,3.82
1996-06-03,23.25,23.50,23.12,23.25,244800,3.78
1996-05-31,23.87,24.00,23.12,23.12,141600,3.76
1996-05-30,24.25,24.25,23.50,24.00,126600,3.90
1996-05-29,24.12,24.12,23.87,24.12,257400,3.92
1996-05-28,24.87,24.87,24.12,24.62,140700,3.94
1996-05-24,24.75,24.87,24.62,24.87,204000,3.98
1996-05-23,24.50,24.87,24.37,24.75,244800,3.97
1996-05-22,24.00,24.50,23.87,24.37,216900,3.90
1996-05-21,23.87,24.37,23.75,24.12,459000,3.86
1996-05-20,23.75,23.87,23.62,23.75,165600,3.81
1996-05-17,23.87,23.87,23.62,23.75,123900,3.81
1996-05-16,23.62,23.87,23.62,23.87,189000,3.82
1996-05-15,23.87,24.12,23.75,23.87,216600,3.82
1996-05-14,24.00,24.00,23.75,23.75,110700,3.81
1996-05-13,23.87,24.00,23.62,24.00,187500,3.85
1996-05-10,24.25,24.37,23.62,23.75,329400,3.81
1996-05-09,23.50,24.50,23.50,24.00,339000,3.85
1996-05-08,23.25,23.75,23.25,23.50,249900,3.77
1996-05-07,23.25,23.50,23.12,23.37,242400,3.74
1996-05-06,22.50,23.25,22.50,23.00,436800,3.69
1996-05-03,22.62,23.00,22.37,22.62,718500,3.62
1996-05-02,23.12,23.12,22.12,22.25,602400,3.57
1996-05-01,22.50,23.50,22.37,23.12,708300,3.70
1996-04-30,22.00,22.50,21.75,22.37,653100,3.58
1996-04-29,21.00,21.00,20.69,20.75,134400,3.32
1996-04-26,20.50,21.12,20.50,20.87,355800,3.34
1996-04-25,20.50,20.50,20.37,20.37,94200,3.26
1996-04-24,20.25,20.50,20.12,20.50,209400,3.28
1996-04-23,20.37,20.50,20.12,20.25,459300,3.24
1996-04-22,20.37,20.62,20.25,20.37,106800,3.26
1996-04-19,20.62,20.75,20.37,20.62,160800,3.30
1996-04-18,20.50,20.62,20.37,20.62,140700,3.30
1996-04-17,20.62,20.75,20.37,20.37,229800,3.26
1996-04-16,20.50,20.62,20.00,20.00,298200,3.20
1996-04-15,20.50,20.75,20.37,20.62,286500,3.30
1996-04-12,20.50,20.50,20.25,20.37,227700,3.26
1996-04-11,20.75,20.75,20.37,20.50,98400,3.28
1996-04-10,21.37,21.37,20.75,20.75,86400,3.32
1996-04-09,20.87,21.25,20.50,21.25,128100,3.40
1996-04-08,21.25,21.37,20.62,20.62,159300,3.30
1996-04-04,21.50,21.62,21.37,21.37,124800,3.42
1996-04-03,21.12,21.50,21.00,21.50,158100,3.44
1996-04-02,21.50,21.50,21.12,21.25,183300,3.40
1996-04-01,21.25,21.37,21.12,21.12,71400,3.38
1996-03-29,21.00,21.25,21.00,21.25,104100,3.40
1996-03-28,21.50,21.62,20.87,20.87,274800,3.34
1996-03-27,21.25,21.62,21.12,21.50,313500,3.44
1996-03-26,21.62,21.62,21.12,21.25,334800,3.40
1996-03-25,21.50,21.75,21.50,21.75,220800,3.48
1996-03-22,21.25,21.62,21.12,21.62,190800,3.46
1996-03-21,20.75,21.25,20.62,21.12,121800,3.38
1996-03-20,20.50,20.50,20.37,20.50,340200,3.28
1996-03-19,20.87,21.00,20.37,20.37,254400,3.26
1996-03-18,20.62,20.87,20.62,20.75,138900,3.32
1996-03-15,20.62,20.75,20.37,20.50,156900,3.28
1996-03-14,20.87,20.87,20.37,20.62,264000,3.30
1996-03-13,20.87,21.12,20.62,20.75,200100,3.32
1996-03-12,20.75,20.87,20.62,20.87,180900,3.34
1996-03-11,20.75,21.00,20.62,20.87,333900,3.34
1996-03-08,21.25,21.37,20.50,21.00,315600,3.36
1996-03-07,21.75,21.75,21.25,21.50,150600,3.44
1996-03-06,21.50,21.75,21.50,21.75,120900,3.48
1996-03-05,21.37,21.62,21.12,21.37,140700,3.42
1996-03-04,21.37,21.75,21.25,21.75,135900,3.48
1996-03-01,20.87,21.75,20.87,21.37,124800,3.42
1996-02-29,21.12,21.25,20.75,21.00,11079300,3.36
1996-02-28,21.62,21.75,21.25,21.25,73500,3.40
1996-02-27,21.75,21.87,21.62,21.62,55800,3.46
1996-02-26,22.37,22.37,22.12,22.25,126000,3.51
1996-02-23,22.25,22.50,22.12,22.25,129300,3.51
1996-02-22,22.37,22.50,22.25,22.25,64200,3.51
1996-02-21,22.25,22.37,22.12,22.25,264300,3.51
1996-02-20,22.25,22.25,22.12,22.25,93300,3.51
1996-02-16,22.25,22.37,22.12,22.37,104400,3.53
1996-02-15,22.12,22.37,22.12,22.25,122700,3.51
1996-02-14,22.25,22.25,22.00,22.00,73200,3.47
1996-02-13,22.12,22.37,22.12,22.25,128400,3.51
1996-02-12,22.12,22.25,22.00,22.12,213900,3.49
1996-02-09,21.87,22.12,21.87,22.00,90900,3.47
1996-02-08,22.00,22.12,21.87,21.87,216000,3.45
1996-02-07,22.25,22.25,22.00,22.12,152400,3.49
1996-02-06,22.12,22.25,22.00,22.12,158100,3.49
1996-02-05,22.12,22.12,22.00,22.12,68100,3.49
1996-02-02,22.37,22.50,22.00,22.25,160800,3.51
1996-02-01,22.25,22.37,22.12,22.37,135000,3.53
1996-01-31,21.87,22.25,21.75,22.25,330900,3.51
1996-01-30,22.00,22.00,21.75,21.87,99000,3.45
1996-01-29,22.00,22.00,21.75,21.87,79200,3.45
1996-01-26,21.75,21.87,21.50,21.87,117600,3.45
1996-01-25,21.87,22.12,21.87,22.00,188100,3.47
1996-01-24,22.12,22.25,21.75,22.12,160200,3.49
1996-01-23,22.50,22.50,21.75,21.87,145200,3.45
1996-01-22,22.62,22.75,22.37,22.37,131400,3.53
1996-01-19,22.37,22.62,22.25,22.62,104100,3.57
1996-01-18,21.87,22.37,21.87,22.37,150000,3.53
1996-01-17,21.75,22.00,21.75,21.87,158400,3.45
1996-01-16,21.37,21.75,21.25,21.62,218400,3.41
1996-01-15,21.37,21.50,21.12,21.25,251400,3.35
1996-01-12,20.87,21.50,20.87,21.50,133200,3.39
1996-01-11,21.12,21.25,20.87,21.00,155700,3.31
1996-01-10,21.12,21.12,20.87,21.00,159900,3.31
1996-01-09,21.25,21.37,20.87,21.25,183900,3.35
1996-01-08,20.75,21.12,20.62,21.12,73200,3.33
1996-01-05,20.62,20.87,20.62,20.75,130200,3.27
1996-01-04,20.62,20.75,20.50,20.75,123900,3.27
1996-01-03,21.00,21.00,20.37,20.62,151800,3.25
1996-01-02,20.62,20.87,20.50,20.87,123300,3.29
1995-12-29,20.62,20.87,20.50,20.75,80100,3.27
1995-12-28,20.50,21.00,20.37,20.87,186600,3.29
1995-12-27,21.00,21.12,20.62,20.62,130200,3.25
1995-12-26,20.62,21.00,20.62,20.87,90000,3.29
1995-12-22,20.37,20.87,20.37,20.75,100200,3.27
1995-12-21,20.87,20.87,20.37,20.62,133200,3.25
1995-12-20,21.00,21.00,20.62,20.75,172500,3.27
1995-12-19,20.62,20.75,20.37,20.75,147300,3.27
1995-12-18,20.75,21.00,20.62,20.62,77400,3.25
1995-12-15,21.37,21.50,20.62,20.62,221700,3.25
1995-12-14,20.62,21.25,20.62,21.12,133200,3.33
1995-12-13,20.50,20.75,20.25,20.50,153900,3.23
1995-12-12,20.62,20.75,20.37,20.62,151500,3.25
1995-12-11,20.37,20.62,20.37,20.62,113400,3.25
1995-12-08,20.50,20.62,20.12,20.50,149400,3.23
1995-12-07,20.12,20.50,20.12,20.50,175800,3.23
1995-12-06,20.50,20.50,19.75,20.12,321000,3.17
1995-12-05,20.75,20.75,19.87,20.62,1035600,3.25
1995-12-04,20.62,21.00,20.37,20.75,210600,3.27
1995-12-01,20.50,20.75,20.50,20.75,111600,3.27
1995-11-30,21.00,21.00,20.62,20.75,3237300,3.27
1995-11-29,21.37,21.37,21.12,21.37,105900,3.37
1995-11-28,21.25,21.50,21.00,21.37,61800,3.37
1995-11-27,21.50,21.87,21.37,21.75,69300,3.37
1995-11-24,21.62,21.62,21.50,21.50,55800,3.34
1995-11-22,21.75,21.75,21.50,21.50,106500,3.34
1995-11-21,21.87,21.87,21.50,21.75,90000,3.37
1995-11-20,21.75,21.75,21.62,21.62,96900,3.35
1995-11-17,21.62,21.75,21.50,21.62,159900,3.35
1995-11-16,21.50,21.75,21.50,21.75,165000,3.37
1995-11-15,21.25,21.62,21.12,21.62,93300,3.35
1995-11-14,21.00,21.25,21.00,21.12,95700,3.28
1995-11-13,21.12,21.37,21.00,21.00,239100,3.26
1995-11-10,21.37,21.50,21.12,21.25,34200,3.30
1995-11-09,21.50,21.62,21.37,21.50,107700,3.34
1995-11-08,21.12,21.50,21.12,21.37,172500,3.32
1995-11-07,21.50,21.50,21.12,21.25,92400,3.30
1995-11-06,21.50,21.62,21.37,21.37,238200,3.32
1995-11-03,21.25,21.50,21.12,21.50,121500,3.34
1995-11-02,21.00,21.37,21.00,21.25,144900,3.30
1995-11-01,21.00,21.25,20.87,21.00,98100,3.26
1995-10-31,21.12,21.25,21.00,21.00,206700,3.26
1995-10-30,21.00,21.00,20.75,21.00,93900,3.26
1995-10-27,20.87,21.00,20.75,21.00,129300,3.26
1995-10-26,20.75,21.00,20.75,20.87,81900,3.24
1995-10-25,20.62,21.00,20.62,20.87,189300,3.24
1995-10-24,20.75,20.87,20.62,20.75,223500,3.22
1995-10-23,21.00,21.12,20.87,21.00,99300,3.26
1995-10-20,21.00,21.25,20.87,21.25,132300,3.30
1995-10-19,20.75,21.00,20.62,21.00,549900,3.26
1995-10-18,21.00,21.12,20.75,21.00,95100,3.26
1995-10-17,20.87,21.00,20.87,21.00,58200,3.26
1995-10-16,20.75,21.00,20.62,21.00,328200,3.26
1995-10-13,20.75,21.00,20.62,20.75,119100,3.22
1995-10-12,20.62,21.00,20.50,20.75,72600,3.22
1995-10-11,20.50,20.87,20.37,20.62,109800,3.20
1995-10-10,20.62,20.62,20.12,20.62,130200,3.20
1995-10-09,20.62,20.75,20.62,20.62,43500,3.20
1995-10-06,21.00,21.00,20.62,20.87,47700,3.24
1995-10-05,20.75,20.87,20.62,20.87,72600,3.24
1995-10-04,20.87,21.25,20.62,20.87,153300,3.24
1995-10-03,21.12,21.25,21.00,21.12,195600,3.28
1995-10-02,20.62,21.12,20.62,21.00,420600,3.26
1995-09-29,20.50,20.62,20.25,20.62,168300,3.20
1995-09-28,20.75,20.75,20.50,20.62,94800,3.20
1995-09-27,20.87,21.12,20.75,20.87,111900,3.24
1995-09-26,21.00,21.00,20.62,21.00,157500,3.26
1995-09-25,21.12,21.12,20.75,20.87,87300,3.24
1995-09-22,20.75,21.12,20.75,21.12,150000,3.28
1995-09-21,21.25,21.25,21.12,21.25,49200,3.30
1995-09-20,21.37,21.37,21.12,21.12,55200,3.28
1995-09-19,21.37,21.37,21.12,21.37,111000,3.32
1995-09-18,21.12,21.50,21.00,21.37,139200,3.32
1995-09-15,21.12,21.12,20.87,21.12,164100,3.28
1995-09-14,21.12,21.37,21.00,21.00,141900,3.26
1995-09-13,21.12,21.12,20.87,21.00,99300,3.26
1995-09-12,20.75,21.12,20.75,21.00,123900,3.26
1995-09-11,21.00,21.12,20.87,21.00,113400,3.26
1995-09-08,21.00,21.25,20.87,21.00,79200,3.26
1995-09-07,21.00,21.12,20.87,21.00,67500,3.26
1995-09-06,21.00,21.25,21.00,21.12,126900,3.28
1995-09-05,21.50,21.50,21.00,21.12,273300,3.28
1995-09-01,21.50,21.50,21.12,21.50,61800,3.34
1995-08-31,20.87,21.37,20.87,21.37,103500,3.32
1995-08-30,20.75,21.12,20.75,20.87,250800,3.24
1995-08-29,20.87,21.12,20.75,21.00,128400,3.26
1995-08-28,21.00,21.00,20.62,21.00,114300,3.20
1995-08-25,21.00,21.00,20.75,21.00,74400,3.20
1995-08-24,20.87,21.00,20.87,21.00,67500,3.20
1995-08-23,21.00,21.12,20.75,21.00,69300,3.20
1995-08-22,20.50,21.00,20.50,21.00,110100,3.20
1995-08-21,20.87,21.00,20.37,20.75,91800,3.17
1995-08-18,20.62,21.12,20.62,21.12,121500,3.22
1995-08-17,20.50,20.62,19.87,20.37,855600,3.11
1995-08-16,20.00,20.25,19.87,20.25,91800,3.09
1995-08-15,20.00,20.37,19.87,19.87,156900,3.03
1995-08-14,20.37,20.37,20.12,20.25,43500,3.09
1995-08-11,20.75,20.75,20.25,20.37,71400,3.11
1995-08-10,20.00,20.50,20.00,20.50,73200,3.13
1995-08-09,20.12,20.37,20.00,20.12,103200,3.07
1995-08-08,20.37,20.37,19.87,19.87,96900,3.03
1995-08-07,20.50,20.50,20.00,20.37,75900,3.11
1995-08-04,19.87,20.50,19.87,20.25,161700,3.09
1995-08-03,20.00,20.00,19.87,20.00,124800,3.05
1995-08-02,20.25,20.25,20.00,20.12,160200,3.07
1995-08-01,19.87,20.12,19.75,20.12,183300,3.07
1995-07-31,20.37,20.37,19.87,19.87,158100,3.03
1995-07-28,20.37,20.50,20.25,20.37,60900,3.11
1995-07-27,20.75,20.75,20.37,20.62,113100,3.15
1995-07-26,20.37,20.87,20.25,20.62,210000,3.15
1995-07-25,20.75,21.00,20.37,20.50,216600,3.13
1995-07-24,20.87,20.87,20.50,20.87,161400,3.18
1995-07-21,20.87,21.00,20.75,20.87,220800,3.18
1995-07-20,20.87,21.12,20.87,21.12,76800,3.22
1995-07-19,21.12,21.25,20.50,21.00,270600,3.20
1995-07-18,21.00,21.12,20.75,21.12,69000,3.22
1995-07-17,21.00,21.37,20.87,21.12,81600,3.22
1995-07-14,21.12,21.25,20.75,21.00,69300,3.20
1995-07-13,21.25,21.50,21.12,21.12,150600,3.22
1995-07-12,21.25,21.25,20.75,21.12,397500,3.22
1995-07-11,21.25,21.25,21.00,21.00,127500,3.20
1995-07-10,21.50,21.62,21.12,21.25,97500,3.24
1995-07-07,21.25,21.50,21.12,21.50,184800,3.28
1995-07-06,21.50,21.62,21.00,21.25,127500,3.24
1995-07-05,21.50,21.75,21.25,21.50,95100,3.28
1995-07-03,21.00,21.25,21.00,21.25,35100,3.24
1995-06-30,21.50,21.50,20.75,21.12,278100,3.22
1995-06-29,21.50,21.62,21.37,21.50,100200,3.28
1995-06-28,21.50,21.75,21.50,21.62,100200,3.30
1995-06-27,21.12,21.62,21.12,21.50,152700,3.28
1995-06-26,21.00,21.50,21.00,21.25,87300,3.24
1995-06-23,21.87,21.87,21.37,21.37,30900,3.26
1995-06-22,21.87,21.87,21.75,21.75,112500,3.32
1995-06-21,21.75,21.87,21.37,21.75,126600,3.32
1995-06-20,22.00,22.00,21.62,21.87,88200,3.34
1995-06-19,21.87,22.12,21.75,22.00,148500,3.36
1995-06-16,22.00,22.12,21.62,22.00,48300,3.36
1995-06-15,21.87,22.00,21.62,21.87,123900,3.34
1995-06-14,22.00,22.12,21.75,21.87,134100,3.34
1995-06-13,21.87,21.87,21.75,21.75,105600,3.32
1995-06-12,21.62,21.75,21.50,21.75,71400,3.32
1995-06-09,21.75,21.87,21.50,21.62,65700,3.30
1995-06-08,21.37,21.87,21.37,21.62,361500,3.30
1995-06-07,21.37,21.50,21.12,21.25,161400,3.24
1995-06-06,21.75,21.87,21.50,21.50,364200,3.28
1995-06-05,20.87,21.62,20.87,21.62,251400,3.30
1995-06-02,21.00,21.00,20.62,20.75,330600,3.17
1995-06-01,21.00,21.00,20.87,21.00,325200,3.20
1995-05-31,20.87,21.00,20.75,21.00,301500,3.20
1995-05-30,20.87,21.00,20.75,20.87,340800,3.18
1995-05-26,20.87,20.87,20.75,20.87,136500,3.18
1995-05-25,20.37,21.25,20.37,20.75,456000,3.17
1995-05-24,20.12,20.37,19.87,19.87,76800,3.03
1995-05-23,20.37,20.75,20.37,20.62,246900,3.09
1995-05-22,20.25,20.50,20.25,20.37,198900,3.06
1995-05-19,20.37,20.50,20.25,20.37,95700,3.06
1995-05-18,20.37,20.50,20.25,20.37,90900,3.06
1995-05-17,20.50,20.50,20.00,20.25,165900,3.04
1995-05-16,20.50,20.50,20.25,20.50,75900,3.07
1995-05-15,20.12,20.62,20.00,20.37,90600,3.06
1995-05-12,20.00,20.25,20.00,20.12,104400,3.02
1995-05-11,19.87,20.25,19.87,20.12,122400,3.02
1995-05-10,19.75,20.00,19.62,19.87,108300,2.98
1995-05-09,20.12,20.12,19.75,19.75,99900,2.96
1995-05-08,20.00,20.25,19.87,19.87,144000,2.98
1995-05-05,19.50,19.75,19.50,19.75,49800,2.96
1995-05-04,19.75,19.75,19.50,19.50,206400,2.92
1995-05-03,19.62,19.87,19.50,19.75,78300,2.96
1995-05-02,19.37,19.62,19.25,19.50,132600,2.92
1995-05-01,19.25,19.37,19.25,19.37,52500,2.91
1995-04-28,19.75,19.75,19.37,19.37,92400,2.91
1995-04-27,19.50,19.62,19.37,19.50,78300,2.92
1995-04-26,19.25,19.50,19.12,19.37,83400,2.91
1995-04-25,19.12,19.25,19.00,19.12,156000,2.87
1995-04-24,19.12,19.25,18.87,19.12,330900,2.87
1995-04-21,19.25,19.25,19.00,19.12,189000,2.87
1995-04-20,19.12,19.25,19.12,19.12,129000,2.87
1995-04-19,19.37,19.62,19.25,19.25,295800,2.89
1995-04-18,19.50,19.62,19.25,19.37,336600,2.91
1995-04-17,19.75,19.75,19.37,19.50,363900,2.92
1995-04-13,19.75,19.75,19.62,19.75,41700,2.96
1995-04-12,20.25,20.25,19.75,19.75,148500,2.96
1995-04-11,19.87,20.00,19.75,19.87,71400,2.98
1995-04-10,19.37,19.87,19.37,19.75,100200,2.96
1995-04-07,19.12,19.62,19.12,19.37,111900,2.91
1995-04-06,19.25,19.25,19.12,19.25,401700,2.89
1995-04-05,19.12,19.50,19.00,19.37,552300,2.91
1995-04-04,19.37,19.37,19.12,19.12,66600,2.87
1995-04-03,19.00,19.25,19.00,19.25,89100,2.89
1995-03-31,19.00,19.25,19.00,19.12,130200,2.87
1995-03-30,19.12,19.25,19.00,19.00,108900,2.85
1995-03-29,19.12,19.50,19.12,19.12,132300,2.87
1995-03-28,19.25,19.25,19.00,19.12,151800,2.87
1995-03-27,19.87,19.87,19.37,19.37,78900,2.91
1995-03-24,19.62,19.87,19.62,19.75,45600,2.96
1995-03-23,19.37,19.87,19.37,19.62,110100,2.94
1995-03-22,19.50,19.75,19.37,19.37,124200,2.91
1995-03-21,19.87,20.00,19.50,19.50,439200,2.92
1995-03-20,19.87,20.00,19.87,19.87,39000,2.98
1995-03-17,20.00,20.12,19.87,20.00,62400,3.00
1995-03-16,20.00,20.00,19.75,20.00,39300,3.00
1995-03-15,19.87,20.00,19.87,20.00,41700,3.00
1995-03-14,20.00,20.00,19.75,19.87,39900,2.98
1995-03-13,19.87,20.12,19.62,19.87,69300,2.98
1995-03-10,19.87,20.12,19.75,20.00,36600,3.00
1995-03-09,20.12,20.25,19.50,19.50,105600,2.92
1995-03-08,20.12,20.37,20.12,20.12,90900,3.02
1995-03-07,20.12,20.25,20.00,20.25,93300,3.04
1995-03-06,20.00,20.12,20.00,20.00,28500,3.00
1995-03-03,19.50,20.25,19.37,20.00,148500,3.00
1995-03-02,19.87,19.87,19.62,19.62,40800,2.94
1995-03-01,20.12,20.25,19.75,19.87,38400,2.98
1995-02-28,20.00,20.25,19.87,20.25,132300,3.04
1995-02-27,20.00,20.00,19.75,20.00,45900,3.00
1995-02-24,20.00,20.37,20.00,20.12,223500,3.02
1995-02-23,20.50,20.50,20.12,20.12,54900,3.02
1995-02-22,20.62,20.62,20.37,20.50,34800,3.07
1995-02-21,21.12,21.12,20.75,20.87,208200,3.08
1995-02-17,20.87,21.37,20.75,21.12,66900,3.12
1995-02-16,21.00,21.12,20.87,20.87,31800,3.08
1995-02-15,20.62,21.12,20.62,21.00,77400,3.10
1995-02-14,21.12,21.37,20.75,20.87,163500,3.08
1995-02-13,21.37,21.75,21.12,21.37,132600,3.15
1995-02-10,21.75,21.75,21.25,21.37,75900,3.15
1995-02-09,21.37,22.00,21.37,21.62,115200,3.19
1995-02-08,21.25,21.62,21.12,21.62,87600,3.19
1995-02-07,21.25,21.37,21.12,21.25,42300,3.13
1995-02-06,21.25,21.25,21.00,21.25,49800,3.13
1995-02-03,20.87,21.12,20.62,21.12,95100,3.12
1995-02-02,21.00,21.00,20.75,20.75,60000,3.06
1995-02-01,21.12,21.12,20.75,21.00,80700,3.10
1995-01-31,21.25,21.37,21.00,21.00,165000,3.10
1995-01-30,21.12,21.62,21.12,21.50,101400,3.17
1995-01-27,20.87,21.37,20.87,21.25,84900,3.13
1995-01-26,20.75,21.00,20.75,20.87,32700,3.08
1995-01-25,20.75,21.00,20.50,21.00,69900,3.10
1995-01-24,21.25,21.25,21.00,21.00,40800,3.10
1995-01-23,21.00,21.37,21.00,21.37,115200,3.15
1995-01-20,20.50,21.00,20.50,21.00,165600,3.10
1995-01-19,20.50,20.75,20.50,20.50,75000,3.02
1995-01-18,20.37,20.62,20.37,20.50,73500,3.02
1995-01-17,20.00,20.50,20.00,20.50,124800,3.02
1995-01-16,19.87,20.37,19.87,19.87,89100,2.93
1995-01-13,20.25,20.37,19.75,20.12,31500,2.97
1995-01-12,20.25,20.50,20.25,20.25,43200,2.99
1995-01-11,20.75,20.75,20.25,20.37,68100,3.00
1995-01-10,20.25,20.75,20.12,20.75,129900,3.06
1995-01-09,20.00,20.12,19.87,20.12,242400,2.97
1995-01-06,20.25,20.25,19.87,19.87,163500,2.93
1995-01-05,20.50,20.62,20.25,20.25,60900,2.99
1995-01-04,20.62,20.62,20.25,20.37,66000,3.00
1995-01-03,20.50,20.62,20.37,20.37,55800,3.00
1994-12-30,20.00,20.37,19.62,20.37,1024800,3.00
1994-12-29,19.25,20.12,19.25,20.00,218400,2.95
1994-12-28,19.50,19.50,19.12,19.50,241500,2.88
1994-12-27,19.50,19.62,19.25,19.25,110100,2.84
1994-12-23,19.75,19.87,19.62,19.62,86400,2.89
1994-12-22,19.75,19.87,19.50,19.87,122400,2.93
1994-12-21,19.75,19.87,19.75,19.75,129000,2.91
1994-12-20,19.12,20.00,19.12,20.00,176400,2.95
1994-12-19,19.25,19.25,18.75,19.25,225600,2.84
1994-12-16,19.50,19.50,19.25,19.37,402600,2.86
1994-12-15,18.62,19.25,18.62,19.25,179400,2.84
1994-12-14,18.62,18.75,18.37,18.62,102600,2.75
1994-12-13,18.75,18.87,18.62,18.62,396900,2.75
1994-12-12,18.75,18.75,18.37,18.37,74400,2.71
1994-12-09,18.50,18.75,18.50,18.62,62400,2.75
1994-12-08,18.62,18.87,18.50,18.62,66900,2.75
1994-12-07,18.75,18.87,18.62,18.87,193500,2.78
1994-12-06,18.50,18.87,18.25,18.87,275100,2.78
1994-12-05,18.37,18.62,18.37,18.37,226500,2.71
1994-12-02,18.75,18.75,18.37,18.37,150900,2.71
1994-12-01,18.87,19.25,18.75,18.87,180900,2.78
1994-11-30,19.12,19.12,18.75,18.87,170100,2.78
1994-11-29,19.50,19.50,19.12,19.37,115200,2.86
1994-11-28,19.75,19.75,19.50,19.50,233100,2.88
1994-11-25,19.62,19.87,19.62,19.62,63900,2.89
1994-11-23,20.00,20.12,19.75,19.75,70800,2.91
1994-11-22,20.37,20.62,20.37,20.62,96600,2.99
1994-11-21,20.62,20.75,20.50,20.50,372600,2.97
1994-11-18,20.75,20.75,20.37,20.50,129000,2.97
1994-11-17,20.62,20.75,20.62,20.62,280200,2.99
1994-11-16,20.62,20.87,20.62,20.75,184800,3.01
1994-11-15,20.37,20.75,20.37,20.75,167700,3.01
1994-11-14,20.62,20.62,20.37,20.37,81000,2.95
1994-11-11,20.50,20.62,20.50,20.62,60600,2.99
1994-11-10,20.50,20.62,20.50,20.50,76800,2.97
1994-11-09,20.50,20.62,20.50,20.62,60900,2.99
1994-11-08,20.12,20.62,20.12,20.50,210900,2.97
1994-11-07,20.00,20.37,19.87,20.37,111000,2.95
1994-11-04,20.00,20.12,20.00,20.12,208500,2.92
1994-11-03,20.00,20.12,20.00,20.00,99300,2.90
1994-11-02,20.00,20.12,19.87,20.12,145800,2.92
1994-11-01,20.00,20.12,19.87,20.00,80100,2.90
1994-10-31,19.87,20.12,19.87,20.12,168300,2.92
1994-10-28,20.00,20.12,19.87,20.00,69000,2.90
1994-10-27,20.00,20.00,19.87,20.00,101700,2.90
1994-10-26,19.75,20.00,19.75,19.75,285600,2.86
1994-10-25,19.87,19.87,19.75,19.87,555900,2.88
1994-10-24,20.00,20.12,19.87,20.00,392700,2.90
1994-10-21,19.87,20.12,19.75,20.12,120000,2.92
1994-10-20,19.75,20.00,19.75,19.87,125100,2.88
1994-10-19,19.87,20.12,19.75,20.00,91800,2.90
1994-10-18,19.75,19.87,19.75,19.75,33300,2.86
1994-10-17,19.62,19.87,19.50,19.75,212700,2.86
1994-10-14,19.50,19.75,19.50,19.75,83400,2.86
1994-10-13,19.50,19.62,19.37,19.62,118500,2.85
1994-10-12,19.62,19.62,19.37,19.37,410700,2.81
1994-10-11,19.25,19.62,19.25,19.62,215700,2.85
1994-10-10,19.00,19.25,19.00,19.25,256800,2.79
1994-10-07,18.50,19.12,18.50,19.12,156600,2.77
1994-10-06,18.75,18.75,18.37,18.50,224100,2.68
1994-10-05,19.00,19.12,18.75,18.87,111000,2.74
1994-10-04,19.12,19.25,19.00,19.25,75900,2.79
1994-10-03,18.75,19.00,18.75,19.00,72600,2.76
1994-09-30,18.75,19.00,18.75,18.75,218100,2.72
1994-09-29,19.12,19.12,18.75,18.75,101400,2.72
1994-09-28,19.00,19.25,19.00,19.12,118500,2.77
1994-09-27,19.00,19.12,19.00,19.12,94200,2.77
1994-09-26,19.25,19.25,19.00,19.00,72300,2.76
1994-09-23,19.12,19.25,19.00,19.12,58200,2.77
1994-09-22,18.87,19.37,18.87,19.00,152400,2.76
1994-09-21,19.00,19.12,18.87,18.87,107400,2.74
1994-09-20,19.37,19.37,19.00,19.00,139200,2.76
1994-09-19,19.25,19.37,19.12,19.37,258300,2.81
1994-09-16,18.87,19.12,18.87,19.12,420000,2.77
1994-09-15,17.87,18.87,17.87,18.87,791100,2.74
1994-09-14,18.25,18.25,17.62,17.75,495600,2.57
1994-09-13,18.00,18.25,17.87,18.25,210900,2.65
1994-09-12,18.50,18.50,17.37,18.00,486900,2.61
1994-09-09,18.87,18.87,18.25,18.37,270000,2.66
1994-09-08,18.75,19.00,18.75,19.00,133500,2.76
1994-09-07,18.75,19.00,18.62,18.87,217500,2.74
1994-09-06,19.12,19.12,18.75,18.75,118500,2.72
1994-09-02,19.12,19.25,19.12,19.25,45900,2.79
1994-09-01,19.25,19.37,19.12,19.12,50700,2.77
1994-08-31,19.37,19.37,19.25,19.37,90000,2.81
1994-08-30,19.00,19.37,19.00,19.25,200700,2.79
1994-08-29,19.12,19.25,18.87,19.25,148200,2.79
1994-08-26,19.25,19.37,19.12,19.12,120600,2.77
1994-08-25,19.75,19.75,18.87,19.00,228300,2.76
1994-08-24,20.12,20.12,19.87,19.87,119400,2.83
1994-08-23,20.00,20.12,19.87,20.00,38400,2.85
1994-08-22,20.00,20.12,19.87,19.87,75600,2.83
1994-08-19,20.00,20.12,19.87,20.00,74100,2.85
1994-08-18,20.00,20.12,20.00,20.00,61500,2.85
1994-08-17,20.00,20.12,20.00,20.12,54000,2.87
1994-08-16,19.87,20.12,19.87,20.12,69900,2.87
1994-08-15,20.12,20.12,19.87,19.87,90900,2.83
1994-08-12,20.25,20.25,20.00,20.00,63300,2.85
1994-08-11,20.37,20.50,20.00,20.25,102600,2.89
1994-08-10,20.50,20.62,20.37,20.50,41100,2.92
1994-08-09,20.62,20.62,20.25,20.37,39900,2.90
1994-08-08,20.37,20.50,20.25,20.37,86400,2.90
1994-08-05,20.87,20.87,20.50,20.50,48300,2.92
1994-08-04,20.62,20.75,20.50,20.75,45900,2.96
1994-08-03,20.87,21.00,20.62,20.87,57300,2.97
1994-08-02,21.37,21.62,21.00,21.00,75000,2.99
1994-08-01,21.25,21.62,21.12,21.50,73200,3.06
1994-07-29,21.00,21.12,20.62,21.12,94800,3.01
1994-07-28,20.37,21.00,20.37,20.75,80100,2.96
1994-07-27,20.50,20.75,20.50,20.50,46500,2.92
1994-07-26,20.50,20.87,20.50,20.62,61500,2.94
1994-07-25,20.75,21.00,20.50,20.50,67500,2.92
1994-07-22,20.62,20.87,20.62,20.87,33600,2.97
1994-07-21,20.50,20.87,20.50,20.75,41100,2.96
1994-07-20,20.62,20.75,20.50,20.75,33300,2.96
1994-07-19,21.00,21.00,20.50,20.62,59400,2.94
1994-07-18,20.75,21.00,20.62,20.75,83400,2.96
1994-07-15,21.12,21.12,20.75,21.00,35100,2.99
1994-07-14,20.62,21.00,20.62,20.87,42300,2.97
1994-07-13,20.75,20.75,20.62,20.62,24900,2.94
1994-07-12,20.87,21.00,20.62,20.62,62700,2.94
1994-07-11,21.00,21.00,20.62,20.87,62400,2.97
1994-07-08,20.87,21.00,20.75,20.87,38100,2.97
1994-07-07,20.75,21.25,20.75,20.75,77400,2.96
1994-07-06,20.87,20.87,20.50,20.75,55800,2.96
1994-07-05,20.75,21.00,20.75,20.87,54900,2.97
1994-07-01,19.87,20.62,19.87,20.62,178500,2.94
1994-06-30,21.00,21.12,19.87,19.87,269100,2.83
1994-06-29,21.00,21.12,20.75,21.12,60000,3.01
1994-06-28,21.12,21.12,20.50,20.87,117600,2.97
1994-06-27,21.75,21.75,21.12,21.25,179100,3.03
1994-06-24,22.25,22.37,22.00,22.00,60000,3.14
1994-06-23,22.37,22.50,22.37,22.37,42300,3.19
1994-06-22,22.37,22.50,22.25,22.50,70800,3.21
1994-06-21,22.37,22.50,22.37,22.37,43200,3.19
1994-06-20,22.25,22.50,22.25,22.50,42300,3.21
1994-06-17,22.50,22.50,22.25,22.25,39900,3.17
1994-06-16,22.37,22.50,22.25,22.25,91500,3.17
1994-06-15,22.25,22.37,22.19,22.25,123300,3.17
1994-06-14,21.75,22.25,21.75,22.25,65100,3.17
1994-06-13,21.50,21.75,21.37,21.62,32700,3.08
1994-06-10,21.75,21.75,21.37,21.50,105000,3.06
1994-06-09,21.62,21.62,21.37,21.50,38100,3.06
1994-06-08,21.75,21.87,21.50,21.50,60900,3.06
1994-06-07,21.62,21.87,21.62,21.75,101400,3.10
1994-06-06,21.37,21.37,21.25,21.37,98100,3.05
1994-06-03,21.37,21.50,21.25,21.25,81600,3.03
1994-06-02,21.50,21.62,21.25,21.37,163200,3.05
1994-06-01,21.37,21.37,21.12,21.37,71400,3.05
1994-05-31,21.12,21.50,21.00,21.00,125700,2.99
1994-05-27,20.75,21.12,20.62,21.12,70200,3.01
1994-05-26,20.25,20.75,20.12,20.75,76500,2.96
1994-05-25,20.12,20.37,19.25,20.25,436500,2.89
1994-05-24,20.37,20.37,20.00,20.12,175200,2.87
1994-05-23,20.87,21.00,20.62,20.75,239100,2.91
1994-05-20,20.87,20.87,20.75,20.75,74100,2.91
1994-05-19,21.00,21.00,20.75,20.87,113100,2.93
1994-05-18,21.12,21.50,20.75,21.50,188400,3.01
1994-05-17,21.12,21.37,21.00,21.37,113400,3.00
1994-05-16,21.37,21.37,21.00,21.12,123900,2.96
1994-05-13,21.37,21.50,21.25,21.37,23400,3.00
1994-05-12,22.00,22.00,21.25,21.50,33300,3.01
1994-05-11,22.12,22.37,21.62,21.75,91800,3.05
1994-05-10,21.75,22.00,21.62,22.00,65700,3.08
1994-05-09,21.37,21.75,21.37,21.62,111900,3.03
1994-05-06,21.37,21.37,21.12,21.37,46500,3.00
1994-05-05,21.12,21.37,21.12,21.37,34200,3.00
1994-05-04,21.50,21.75,21.12,21.12,68400,2.96
1994-05-03,21.25,21.50,21.25,21.50,55800,3.01
1994-05-02,22.00,22.12,21.50,21.50,171000,3.01
1994-04-29,21.00,21.75,21.00,21.75,91800,3.05
1994-04-28,21.37,21.50,21.12,21.25,54300,2.98
1994-04-26,20.50,21.25,20.50,21.25,98100,2.98
1994-04-25,21.00,21.00,20.50,20.62,78300,2.89
1994-04-22,21.00,21.12,20.87,20.87,105000,2.93
1994-04-21,20.87,21.25,20.75,21.12,106500,2.96
1994-04-20,21.00,21.25,20.62,21.12,45000,2.96
1994-04-19,21.25,21.50,21.00,21.00,132300,2.94
1994-04-18,21.75,21.75,21.37,21.50,35100,3.01
1994-04-15,21.50,21.75,21.50,21.62,56700,3.03
1994-04-14,21.87,22.00,21.62,21.62,40200,3.03
1994-04-13,21.62,21.87,21.37,21.87,54900,3.07
1994-04-12,22.12,22.12,21.75,21.75,153900,3.05
1994-04-11,22.62,22.62,22.12,22.37,37500,3.14
1994-04-08,22.25,22.75,22.25,22.50,101700,3.15
1994-04-07,22.12,22.37,21.75,22.37,79800,3.14
1994-04-06,22.25,22.62,21.87,22.00,64800,3.08
1994-04-05,21.62,22.50,21.50,22.50,124200,3.15
1994-04-04,21.12,21.75,21.00,21.37,203400,3.00
1994-03-31,22.62,22.75,21.50,21.50,246000,3.01
1994-03-30,22.62,22.75,22.50,22.62,89100,3.17
1994-03-29,22.75,23.00,22.50,22.75,111600,3.19
1994-03-28,23.12,23.12,22.87,22.87,134100,3.21
1994-03-25,23.00,23.12,22.87,23.12,71400,3.24
1994-03-24,23.00,23.12,22.87,22.87,73200,3.21
1994-03-23,23.00,23.25,23.00,23.12,40800,3.24
1994-03-22,23.00,23.25,23.00,23.25,124200,3.26
1994-03-21,22.75,23.25,22.75,23.25,65100,3.26
1994-03-18,22.75,23.12,22.62,23.00,97500,3.22
1994-03-17,22.75,23.00,22.62,23.00,93900,3.22
1994-03-16,22.62,22.75,22.37,22.50,84300,3.15
1994-03-15,22.62,22.75,22.25,22.50,113400,3.15
1994-03-14,22.50,22.75,22.25,22.50,83400,3.15
1994-03-11,22.50,22.50,22.00,22.37,120900,3.14
1994-03-10,22.50,22.62,22.37,22.50,95700,3.15
1994-03-09,22.62,22.62,22.25,22.50,70200,3.15
1994-03-08,22.37,22.37,22.00,22.37,99900,3.14
1994-03-07,22.00,22.37,22.00,22.25,90900,3.12
1994-03-04,22.25,22.25,21.87,22.00,132300,3.08
1994-03-03,22.62,22.62,22.00,22.25,118500,3.12
1994-03-02,22.62,22.62,22.25,22.62,130800,3.17
1994-03-01,23.25,23.25,22.62,22.87,101400,3.21
1994-02-28,22.62,23.00,22.37,23.00,92700,3.22
1994-02-25,23.37,23.37,21.50,22.37,338400,3.14
1994-02-24,24.12,24.12,23.12,23.37,60900,3.28
1994-02-23,24.12,24.12,23.50,23.87,116700,3.35
1994-02-22,24.00,24.00,23.50,23.62,205200,3.31
1994-02-18,24.37,24.37,24.00,24.25,101700,3.35
1994-02-17,24.25,24.50,24.00,24.37,188400,3.37
1994-02-16,23.62,24.12,23.50,24.00,240000,3.32
1994-02-15,23.50,23.75,23.37,23.50,90000,3.25
1994-02-14,23.37,23.62,23.25,23.50,143100,3.25
1994-02-11,23.62,23.62,23.37,23.37,149400,3.23
1994-02-10,23.75,23.75,23.25,23.50,140100,3.25
1994-02-09,23.50,23.75,23.37,23.62,157500,3.26
1994-02-08,23.25,23.62,23.12,23.37,109200,3.23
1994-02-07,22.75,23.00,22.62,22.87,69300,3.16
1994-02-04,23.12,23.12,22.75,23.00,92700,3.18
1994-02-03,23.00,23.12,22.87,23.00,69300,3.18
1994-02-02,23.12,23.12,22.87,23.12,110100,3.20
1994-02-01,23.00,23.12,22.87,23.00,105900,3.18
1994-01-31,23.25,23.25,22.87,23.12,98100,3.20
1994-01-28,23.37,23.37,23.12,23.25,140700,3.21
1994-01-27,23.00,23.25,23.00,23.25,70800,3.21
1994-01-26,22.75,23.00,22.37,23.00,91800,3.18
1994-01-25,22.75,22.75,22.50,22.75,66900,3.14
1994-01-24,23.25,23.25,22.37,22.75,284400,3.14
1994-01-21,23.37,23.37,23.00,23.25,64200,3.21
1994-01-20,23.87,23.87,23.25,23.25,132600,3.21
1994-01-19,23.62,23.75,23.50,23.75,173100,3.28
1994-01-18,23.50,23.62,23.25,23.50,96000,3.25
1994-01-17,23.25,23.62,23.12,23.62,158400,3.26
1994-01-14,23.12,23.25,22.87,23.25,64800,3.21
1994-01-13,22.62,23.25,22.62,23.00,101400,3.18
1994-01-12,23.12,23.12,22.62,22.87,105600,3.16
1994-01-11,23.12,23.25,22.87,22.87,87600,3.16
1994-01-10,23.12,23.12,22.87,23.00,78300,3.18
1994-01-07,23.62,23.62,23.00,23.12,122700,3.20
1994-01-06,23.37,23.50,23.00,23.50,82500,3.25
1994-01-05,22.62,23.25,22.62,23.12,92400,3.20
1994-01-04,22.87,22.87,22.50,22.75,64200,3.14
1994-01-03,22.37,22.62,22.00,22.62,159000,3.13
1993-12-31,23.37,23.37,22.50,22.50,169800,3.11
1993-12-30,22.87,23.37,22.87,23.25,66600,3.21
1993-12-29,22.75,22.87,22.25,22.75,68400,3.14
1993-12-28,22.75,22.87,22.37,22.75,120600,3.14
1993-12-27,22.62,22.75,22.50,22.50,64800,3.11
1993-12-23,22.50,22.62,22.37,22.62,38100,3.13
1993-12-22,23.00,23.12,22.25,22.25,92400,3.08
1993-12-21,22.87,23.25,22.75,22.87,73500,3.16
1993-12-20,23.12,23.12,22.50,22.62,79200,3.13
1993-12-17,23.62,23.62,22.87,23.00,94200,3.18
1993-12-16,22.87,23.37,22.75,23.37,118200,3.23
1993-12-15,22.25,22.62,22.12,22.50,119100,3.11
1993-12-14,22.25,22.25,22.00,22.25,104400,3.08
1993-12-13,22.50,22.62,22.25,22.37,95700,3.09
1993-12-10,22.25,22.50,22.12,22.50,112500,3.11
1993-12-09,22.50,22.50,22.00,22.00,65700,3.04
1993-12-08,22.25,22.25,22.00,22.25,60600,3.08
1993-12-07,22.00,22.37,22.00,22.37,94200,3.09
1993-12-06,22.50,22.75,22.00,22.00,89100,3.04
1993-12-03,22.25,22.50,22.12,22.50,89100,3.11
1993-12-02,21.75,22.25,21.75,22.12,126600,3.06
1993-12-01,22.00,22.25,21.75,21.87,63300,3.02
1993-11-30,22.75,22.75,21.75,21.87,115800,3.02
1993-11-29,22.62,22.87,22.50,22.50,159900,3.11
1993-11-26,22.50,22.62,22.50,22.62,14100,3.13
1993-11-24,22.25,22.75,22.25,22.62,265800,3.13
1993-11-23,22.00,22.25,21.62,22.00,128100,3.04
1993-11-22,22.37,22.50,22.00,22.25,137400,3.03
1993-11-19,22.12,22.37,21.75,22.00,281700,3.00
1993-11-18,22.00,22.00,21.50,22.00,281700,3.00
1993-11-17,22.50,22.87,21.75,22.00,298200,3.00
1993-11-16,23.12,23.12,22.75,22.75,1354800,3.10
1993-11-15,23.62,23.87,22.87,23.12,845700,3.15
1993-11-12,23.50,23.62,23.25,23.50,144300,3.20
1993-11-11,23.75,23.87,23.37,23.62,111000,3.22
1993-11-10,24.00,24.00,23.50,23.75,113400,3.23
1993-11-09,23.87,24.12,23.75,24.00,72600,3.27
1993-11-08,23.87,24.00,23.62,23.62,69900,3.22
1993-11-05,23.62,23.87,23.37,23.62,75000,3.22
1993-11-04,24.00,24.12,23.62,23.62,145200,3.22
1993-11-03,24.37,24.50,23.62,23.75,180900,3.23
1993-11-02,23.62,24.25,23.62,24.25,81600,3.30
1993-11-01,23.75,23.75,23.50,23.75,253500,3.23
1993-10-29,23.75,23.87,23.50,23.75,81600,3.23
1993-10-28,23.87,24.00,23.50,23.75,152400,3.23
1993-10-27,24.00,24.12,23.75,24.00,154800,3.27
1993-10-26,24.00,24.00,23.62,23.87,211800,3.25
1993-10-25,24.25,24.37,24.00,24.00,129000,3.27
1993-10-22,24.25,24.37,24.12,24.12,75600,3.28
1993-10-21,24.37,24.37,24.12,24.25,66900,3.30
1993-10-20,24.62,24.62,24.37,24.37,113400,3.32
1993-10-19,24.62,24.75,24.37,24.62,30600,3.35
1993-10-18,24.25,24.62,24.12,24.62,93300,3.35
1993-10-15,24.62,24.62,24.12,24.37,180900,3.32
1993-10-14,24.50,24.62,24.25,24.62,81600,3.35
1993-10-13,24.50,24.62,24.12,24.25,99000,3.30
1993-10-12,24.37,24.50,24.12,24.37,126000,3.32
1993-10-11,24.50,24.50,24.37,24.50,32700,3.34
1993-10-08,24.25,24.50,24.25,24.50,60600,3.34
1993-10-07,24.50,24.50,24.25,24.37,54300,3.32
1993-10-06,24.62,24.62,24.12,24.25,156600,3.30
1993-10-05,24.62,24.62,24.37,24.50,152400,3.34
1993-10-04,24.62,24.62,24.12,24.62,112500,3.35
1993-10-01,24.37,24.62,24.12,24.37,190800,3.32
1993-09-30,24.87,24.87,24.12,24.37,246600,3.32
1993-09-29,24.62,25.00,24.50,24.87,165000,3.39
1993-09-28,24.62,24.87,24.37,24.37,77700,3.32
1993-09-27,24.50,24.75,24.37,24.75,320100,3.37
1993-09-24,24.50,24.62,24.37,24.37,186900,3.32
1993-09-23,24.00,24.50,24.00,24.50,1425900,3.34
1993-09-22,24.00,24.00,23.75,23.87,181800,3.25
1993-09-21,24.37,24.37,24.12,24.25,58200,3.30
1993-09-20,24.75,24.75,24.37,24.62,69000,3.35
1993-09-17,24.75,25.00,24.37,25.00,75000,3.40
1993-09-16,24.75,25.00,24.50,24.75,86700,3.37
1993-09-15,24.75,25.12,24.50,24.62,63300,3.35
1993-09-14,24.75,25.00,24.62,24.75,49200,3.37
1993-09-13,25.00,25.37,24.87,24.87,74400,3.39
1993-09-10,24.62,24.87,24.62,24.87,62700,3.39
1993-09-09,24.37,24.75,24.37,24.62,211800,3.35
1993-09-08,24.62,24.75,24.37,24.50,143400,3.34
1993-09-07,24.37,24.75,24.37,24.62,102600,3.35
1993-09-03,24.12,24.50,24.12,24.37,37500,3.32
1993-09-02,24.00,24.37,24.00,24.37,60600,3.32
1993-09-01,24.37,24.62,24.00,24.00,126600,3.27
1993-08-31,24.25,24.62,24.25,24.50,29400,3.34
1993-08-30,24.50,24.50,24.12,24.50,90600,3.34
1993-08-27,24.50,24.62,24.12,24.50,62400,3.34
1993-08-26,24.12,24.25,23.87,24.12,127500,3.28
1993-08-25,24.37,24.50,23.75,24.12,104100,3.28
1993-08-24,25.25,25.25,24.75,25.00,92400,3.36
1993-08-23,25.00,25.25,25.00,25.12,366900,3.37
1993-08-20,24.87,25.00,24.75,25.00,53400,3.36
1993-08-19,25.37,25.37,25.00,25.00,54000,3.36
1993-08-18,25.50,25.62,25.37,25.37,129900,3.41
1993-08-17,25.62,25.62,25.25,25.50,153300,3.43
1993-08-16,25.00,25.50,25.00,25.50,484200,3.43
1993-08-13,24.62,25.00,24.62,24.87,151800,3.34
1993-08-12,24.87,25.00,24.25,24.50,74100,3.29
1993-08-11,25.00,25.00,24.50,24.75,63900,3.32
1993-08-10,25.00,25.00,24.62,24.87,104400,3.34
1993-08-09,25.12,25.12,24.62,25.00,410100,3.36
1993-08-06,25.00,25.25,25.00,25.12,51900,3.37
1993-08-05,24.87,24.87,24.50,24.87,94200,3.34
1993-08-04,24.50,24.87,24.37,24.87,73500,3.34
1993-08-03,25.12,25.12,24.50,24.75,96600,3.32
1993-08-02,24.87,25.25,24.25,25.12,188100,3.37
1993-07-30,25.25,25.25,24.75,24.87,81900,3.34
1993-07-29,24.87,25.50,24.75,25.50,132600,3.43
1993-07-28,24.87,25.12,24.37,25.12,81900,3.37
1993-07-27,24.87,25.12,24.62,24.87,43500,3.34
1993-07-26,24.62,25.00,24.50,25.00,80700,3.36
1993-07-23,24.75,24.75,24.50,24.50,45000,3.29
1993-07-22,24.37,24.75,24.25,24.75,66900,3.32
1993-07-21,24.37,24.37,24.12,24.37,74400,3.27
1993-07-20,24.50,24.50,24.12,24.37,151500,3.27
1993-07-19,25.00,25.12,24.50,24.50,64200,3.29
1993-07-16,24.50,25.00,24.50,24.87,93900,3.34
1993-07-15,24.75,24.87,24.37,24.50,126000,3.29
1993-07-14,24.62,24.87,24.50,24.75,95700,3.32
1993-07-13,24.50,24.87,24.50,24.87,120600,3.34
1993-07-12,24.50,24.50,24.37,24.50,87300,3.29
1993-07-09,25.12,25.12,24.75,24.75,105000,3.32
1993-07-08,25.12,25.25,24.87,25.00,66000,3.36
1993-07-07,24.87,25.37,24.87,25.37,139200,3.41
1993-07-06,25.00,25.00,24.75,24.87,100800,3.34
1993-07-02,25.25,25.25,25.00,25.12,33300,3.37
1993-07-01,25.37,25.37,24.87,25.00,77400,3.36
1993-06-30,25.37,25.50,25.25,25.25,219300,3.39
1993-06-29,25.00,25.37,25.00,25.37,123300,3.41
1993-06-28,24.37,25.25,24.25,25.00,130800,3.36
1993-06-25,24.50,24.62,24.37,24.37,75000,3.27
1993-06-24,24.62,24.75,24.37,24.62,94200,3.31
1993-06-23,24.50,24.75,24.37,24.62,135600,3.31
1993-06-22,24.50,24.62,24.12,24.25,174000,3.26
1993-06-21,24.75,24.75,24.12,24.50,182700,3.29
1993-06-18,24.62,25.00,24.62,24.62,183900,3.31
1993-06-17,24.25,24.50,24.00,24.50,96900,3.29
1993-06-16,24.37,24.62,24.12,24.12,131700,3.24
1993-06-15,23.62,24.12,23.37,24.12,147300,3.24
1993-06-14,23.62,23.87,23.25,23.62,152700,3.17
1993-06-11,23.75,23.87,23.25,23.37,344400,3.14
1993-06-10,23.25,24.00,23.12,23.75,278100,3.19
1993-06-09,22.87,23.25,22.50,22.75,199200,3.06
1993-06-08,22.12,22.87,22.12,22.87,154800,3.07
1993-06-07,22.37,22.62,22.00,22.37,228300,3.00
1993-06-04,22.37,22.37,22.12,22.25,117300,2.99
1993-06-03,22.62,22.62,22.12,22.50,166500,3.02
1993-06-02,22.37,22.50,22.25,22.50,72600,3.02
1993-06-01,22.00,22.50,22.00,22.37,185700,3.00
1993-05-28,22.12,22.25,22.00,22.12,96900,2.97
1993-05-27,22.62,22.75,22.25,22.25,240000,2.99
1993-05-26,22.37,22.62,22.37,22.62,40800,3.04
1993-05-25,22.50,22.50,22.37,22.50,64200,3.02
1993-05-24,22.12,22.37,22.12,22.25,4320900,2.99
1993-05-21,22.25,22.62,22.25,22.62,102300,2.99
1993-05-20,22.25,22.37,22.12,22.25,109200,2.94
1993-05-19,22.37,22.37,22.12,22.25,133200,2.94
1993-05-18,22.25,22.37,22.12,22.25,122700,2.94
1993-05-17,22.62,22.75,22.25,22.25,101700,2.94
1993-05-14,22.62,22.75,22.50,22.62,94800,2.99
1993-05-13,22.62,22.75,22.50,22.62,159000,2.99
1993-05-12,22.75,22.87,22.62,22.87,141600,3.03
1993-05-11,22.50,22.75,22.50,22.62,399300,2.99
1993-05-10,22.75,22.87,22.37,22.75,151500,3.01
1993-05-07,22.25,22.62,22.25,22.62,248400,2.99
1993-05-06,22.62,22.75,22.37,22.50,126600,2.98
1993-05-05,22.75,22.75,22.50,22.62,131700,2.99
1993-05-04,22.75,23.75,22.62,22.75,152700,3.01
1993-05-03,22.75,23.00,22.75,22.75,344400,3.01
1993-04-30,22.50,22.75,22.25,22.75,1095600,3.01
1993-04-29,22.75,22.87,22.50,22.62,129300,2.99
1993-04-28,23.00,23.12,22.50,22.62,703500,2.99
1993-04-27,23.00,23.25,22.87,23.00,286500,3.04
1993-04-26,23.12,23.37,23.00,23.12,91800,3.06
1993-04-23,23.12,23.12,23.00,23.12,302700,3.06
1993-04-22,23.50,23.50,23.00,23.00,205800,3.04
1993-04-21,24.00,24.00,23.37,23.62,214800,3.13
1993-04-20,24.75,24.75,23.75,24.12,107400,3.19
1993-04-19,24.75,24.87,24.50,24.75,75900,3.28
1993-04-16,24.87,24.87,24.62,24.87,86400,3.29
1993-04-15,25.25,25.25,24.62,24.87,106500,3.29
1993-04-14,24.62,25.12,24.62,25.12,101400,3.32
1993-04-13,24.62,24.87,24.50,24.87,114300,3.29
1993-04-12,24.00,24.62,24.00,24.62,90600,3.26
1993-04-08,24.25,24.62,24.25,24.25,83400,3.21
1993-04-07,24.62,24.62,23.87,24.37,99000,3.22
1993-04-06,24.75,24.75,24.37,24.50,79200,3.24
1993-04-05,24.62,24.75,24.50,24.50,38400,3.24
1993-04-02,24.75,24.75,24.25,24.62,104100,3.26
1993-04-01,25.12,25.25,24.37,24.50,219900,3.24
1993-03-31,25.12,25.62,24.87,25.25,278400,3.34
1993-03-30,25.00,25.12,25.00,25.12,81900,3.32
1993-03-29,25.00,25.25,24.87,24.87,57300,3.29
1993-03-26,24.87,25.12,24.87,25.12,66600,3.32
1993-03-25,24.87,25.12,24.62,24.87,92700,3.29
1993-03-24,24.62,25.37,24.62,25.12,225000,3.32
1993-03-23,24.50,24.50,24.25,24.50,30000,3.24
1993-03-22,24.50,24.50,24.25,24.50,68400,3.24
1993-03-19,24.25,24.62,24.12,24.62,97500,3.26
1993-03-18,24.12,24.25,24.00,24.25,89100,3.21
1993-03-17,23.87,24.12,23.75,24.00,185700,3.18
1993-03-16,23.87,23.87,23.62,23.75,74400,3.14
1993-03-15,23.75,23.75,23.50,23.75,511500,3.14
1993-03-12,23.87,23.87,23.50,23.75,123900,3.14
1993-03-11,24.00,24.25,23.75,23.75,173400,3.14
1993-03-10,24.00,24.00,23.75,24.00,79200,3.18
1993-03-09,24.00,24.00,23.62,24.00,165900,3.18
1993-03-08,23.87,24.00,23.75,24.00,91800,3.18
1993-03-05,23.87,23.87,23.62,23.87,126000,3.16
1993-03-04,23.87,23.87,23.62,23.87,114900,3.16
1993-03-03,23.62,23.87,23.62,23.62,318300,3.13
1993-03-02,23.87,23.87,23.50,23.62,258300,3.13
1993-03-01,23.87,23.87,23.62,23.87,238500,3.16
1993-02-26,23.37,23.75,23.25,23.75,124800,3.14
1993-02-25,23.50,23.50,23.25,23.50,178200,3.11
1993-02-24,23.50,23.62,23.12,23.50,371700,3.11
1993-02-23,23.12,23.50,23.00,23.37,115200,3.09
1993-02-22,22.87,23.12,22.75,22.87,125100,3.03
1993-02-19,22.50,23.12,22.50,23.12,101400,3.02
1993-02-18,22.37,22.75,22.37,22.75,122700,2.97
1993-02-17,22.62,22.87,22.37,22.37,112500,2.92
1993-02-16,22.75,23.00,22.50,22.62,120000,2.95
1993-02-12,23.12,23.25,22.87,23.00,91500,3.00
1993-02-11,22.75,23.12,22.62,23.12,74400,3.02
1993-02-10,22.50,22.87,22.50,22.87,63300,2.98
1993-02-09,22.62,22.75,22.37,22.50,195000,2.94
1993-02-08,22.75,22.87,22.62,22.62,76500,2.95
1993-02-05,23.00,23.12,22.62,22.62,83100,2.95
1993-02-04,23.12,23.12,22.87,23.12,85800,3.02
1993-02-03,23.12,23.12,22.87,23.00,83100,3.00
1993-02-02,22.75,23.37,22.50,23.12,209400,3.02
1993-02-01,22.75,22.75,22.50,22.62,102300,2.95
1993-01-29,22.62,22.75,22.50,22.50,120600,2.94
1993-01-28,22.50,22.62,22.25,22.50,55200,2.94
1993-01-27,22.50,22.62,22.37,22.62,197400,2.95
1993-01-26,22.75,22.87,22.00,22.25,466500,2.90
1993-01-25,22.25,22.87,22.25,22.62,110100,2.95
1993-01-22,22.50,22.62,22.25,22.50,240000,2.94
1993-01-21,23.00,23.00,22.37,22.50,106500,2.94
1993-01-20,22.00,23.00,22.00,22.87,703500,2.98
1993-01-19,23.00,23.12,21.87,22.00,427500,2.87
1993-01-18,23.12,23.25,22.87,23.12,95100,3.02
1993-01-15,23.00,23.62,23.00,23.37,255000,3.05
1993-01-14,23.25,23.37,23.00,23.00,69300,3.00
1993-01-13,23.37,23.37,23.12,23.37,74400,3.05
1993-01-12,23.37,23.37,23.12,23.37,161700,3.05
1993-01-11,23.12,23.62,22.87,23.37,216600,3.05
1993-01-08,23.50,23.50,22.87,23.25,96900,3.03
1993-01-07,23.75,24.00,23.62,23.62,239400,3.08
1993-01-06,23.87,24.00,23.75,23.87,61500,3.11
1993-01-05,23.62,24.00,23.37,23.75,155700,3.10
1993-01-04,24.37,24.37,23.37,23.37,124200,3.05
1992-12-31,23.62,24.50,23.62,24.25,219000,3.16
1992-12-30,23.75,24.00,23.62,23.75,193500,3.10
1992-12-29,23.37,24.00,23.37,24.00,104100,3.13
1992-12-28,23.50,23.62,23.37,23.37,36000,3.05
1992-12-24,23.62,23.62,23.25,23.50,56100,3.07
1992-12-23,23.50,23.75,23.37,23.75,155100,3.10
1992-12-22,23.62,23.62,23.37,23.50,84300,3.07
1992-12-21,23.50,23.87,23.50,23.62,76500,3.08
1992-12-18,24.00,24.00,23.50,23.75,130800,3.10
1992-12-17,23.50,24.00,23.50,23.75,152700,3.10
1992-12-16,23.75,23.75,23.25,23.37,100800,3.05
1992-12-15,23.75,23.87,23.50,23.62,79200,3.08
1992-12-14,23.50,23.87,23.50,23.50,60000,3.07
1992-12-11,23.50,23.62,23.37,23.50,94800,3.07
1992-12-10,23.62,23.62,23.37,23.50,68100,3.07
1992-12-09,23.62,23.75,23.50,23.62,170700,3.08
1992-12-08,23.50,23.50,23.12,23.37,120900,3.05
1992-12-07,23.62,23.62,23.37,23.37,43200,3.05
1992-12-04,23.62,23.62,23.25,23.50,67500,3.07
1992-12-03,23.75,23.75,23.25,23.50,126600,3.07
1992-12-02,23.50,23.75,23.25,23.62,90600,3.08
1992-12-01,23.25,23.37,23.12,23.37,169200,3.05
1992-11-30,23.12,23.25,23.00,23.25,173400,3.03
1992-11-27,23.25,23.25,23.12,23.25,51900,3.03
1992-11-25,23.12,23.12,22.50,23.00,1568100,3.00
1992-11-24,23.50,23.62,23.12,23.25,105000,3.03
1992-11-23,23.75,23.75,23.25,23.62,203100,3.08
1992-11-20,23.50,23.87,23.50,23.87,112500,3.07
1992-11-19,23.87,23.87,23.50,23.50,181500,3.02
1992-11-18,23.12,23.62,23.12,23.62,186600,3.04
1992-11-17,23.25,23.25,22.87,23.25,130800,2.99
1992-11-16,23.00,23.25,23.00,23.25,177600,2.99
1992-11-13,23.00,23.12,22.75,23.12,175200,2.98
1992-11-12,23.00,23.37,22.75,23.00,780900,2.96
1992-11-11,22.87,23.37,22.87,23.12,371700,2.98
1992-11-10,22.87,23.25,22.87,22.87,306000,2.94
1992-11-09,23.12,23.25,22.75,22.87,153900,2.94
1992-11-06,23.00,23.00,22.87,22.87,96900,2.94
1992-11-05,23.00,23.12,22.87,23.00,124200,2.96
1992-11-04,23.00,23.00,22.87,22.87,73200,2.94
1992-11-03,23.00,23.00,22.87,23.00,80700,2.96
1992-11-02,23.25,23.25,22.75,23.00,136500,2.96
1992-10-30,23.12,23.12,22.87,23.00,147600,2.96
1992-10-29,23.12,23.62,23.00,23.12,320100,2.98
1992-10-28,22.75,23.50,22.75,22.87,587700,2.94
1992-10-27,22.50,22.87,22.12,22.75,420600,2.93
1992-10-26,22.25,22.50,22.00,22.50,348900,2.90
1992-10-23,21.87,22.37,21.87,22.25,390600,2.86
1992-10-22,21.75,21.87,21.62,21.75,243900,2.80
1992-10-21,21.50,21.75,21.50,21.62,204000,2.78
1992-10-20,21.37,21.37,21.25,21.25,188100,2.73
1992-10-19,21.12,21.37,21.00,21.12,218400,2.72
1992-10-16,21.37,21.37,21.12,21.12,382500,2.72
1992-10-15,21.62,21.87,21.37,21.37,230700,2.75
1992-10-14,21.37,21.50,21.37,21.50,123300,2.77
1992-10-13,21.37,21.50,21.25,21.50,109800,2.77
1992-10-12,21.37,21.37,21.25,21.37,188100,2.75
1992-10-09,21.37,21.37,21.25,21.37,87600,2.75
1992-10-08,21.25,21.37,21.12,21.37,111600,2.75
1992-10-07,21.37,21.50,21.12,21.12,114000,2.72
1992-10-06,21.50,21.50,21.25,21.25,186000,2.73
1992-10-05,21.25,21.37,21.12,21.37,240600,2.75
1992-10-02,21.25,21.25,21.12,21.12,81000,2.72
1992-10-01,21.12,21.37,21.12,21.12,211500,2.72
1992-09-30,21.37,21.37,21.00,21.00,249900,2.70
1992-09-29,21.37,21.37,21.12,21.37,373200,2.75
1992-09-28,21.25,21.37,21.12,21.37,149400,2.75
1992-09-25,21.37,21.37,21.12,21.12,195000,2.72
1992-09-24,21.00,21.37,21.00,21.37,461400,2.75
1992-09-23,21.00,21.25,21.00,21.12,2211600,2.72
1992-09-22,21.25,21.50,21.00,21.00,300000,2.70
1992-09-21,21.37,21.50,21.00,21.37,90900,2.75
1992-09-18,21.50,21.75,21.12,21.25,122400,2.73
1992-09-17,21.62,21.62,21.37,21.37,151800,2.75
1992-09-16,21.87,21.87,21.50,21.62,105000,2.78
1992-09-15,21.50,21.75,21.50,21.75,206400,2.80
1992-09-14,21.25,21.37,21.12,21.37,150000,2.75
1992-09-11,20.87,21.12,20.62,21.12,399900,2.72
1992-09-10,21.00,21.00,20.62,20.87,127500,2.69
1992-09-09,20.87,20.87,20.62,20.87,133200,2.69
1992-09-08,20.87,20.87,20.62,20.87,155100,2.69
1992-09-04,20.75,20.87,20.62,20.87,120600,2.69
1992-09-03,20.87,21.00,20.62,20.62,215100,2.65
1992-09-02,20.87,21.00,20.75,20.87,245100,2.69
1992-09-01,20.87,21.00,20.75,20.87,219900,2.69
1992-08-31,20.87,21.00,20.75,20.87,227400,2.69
1992-08-28,21.00,21.00,20.75,20.87,247500,2.69
1992-08-27,20.87,21.00,20.75,21.00,290700,2.70
1992-08-26,21.12,21.25,20.50,20.87,294300,2.69
1992-08-25,21.12,21.12,20.87,21.12,414300,2.72
1992-08-24,21.50,21.50,21.25,21.37,135900,2.71
1992-08-21,21.62,21.87,21.50,21.75,134400,2.76
1992-08-20,21.87,21.87,21.50,21.87,181800,2.77
1992-08-19,22.00,22.12,21.62,21.87,188100,2.77
1992-08-18,22.25,22.25,21.87,22.00,398400,2.79
1992-08-17,22.12,22.25,22.00,22.25,2802300,2.82
1992-08-14,22.00,22.25,21.87,22.00,394200,2.79
1992-08-13,22.00,22.12,21.75,21.87,253500,2.77
1992-08-12,21.62,21.87,21.50,21.75,627300,2.76
1992-08-11,21.50,21.75,21.25,21.62,380100,2.74
1992-08-10,20.75,21.50,20.75,21.25,531900,2.69
1992-08-07,20.87,20.87,20.50,20.50,353100,2.60
1992-08-06,21.12,21.12,20.75,20.87,271500,2.64
1992-08-05,21.50,21.50,21.00,21.12,270000,2.68
1992-08-04,21.00,21.75,21.00,21.50,365100,2.72
1992-08-03,21.00,21.12,20.87,21.00,192300,2.66
1992-07-31,20.87,21.12,20.75,21.00,170700,2.66
1992-07-30,20.75,20.87,20.62,20.75,99900,2.63
1992-07-29,20.50,20.75,20.25,20.75,229200,2.63
1992-07-28,20.50,20.62,20.37,20.50,75000,2.60
1992-07-27,20.62,20.62,20.37,20.50,109800,2.60
1992-07-24,20.62,20.62,20.25,20.50,66000,2.60
1992-07-23,20.50,20.50,20.00,20.37,87600,2.58
1992-07-22,20.50,20.50,20.25,20.50,152400,2.60
1992-07-21,20.37,20.62,20.37,20.50,78300,2.60
1992-07-20,20.87,20.87,20.25,20.50,69300,2.60
1992-07-17,20.50,20.75,20.50,20.75,47700,2.63
1992-07-16,20.62,20.75,20.50,20.75,126900,2.63
1992-07-15,20.75,20.87,20.62,20.87,120000,2.64
1992-07-14,20.25,20.75,20.12,20.75,339900,2.63
1992-07-13,19.87,20.00,19.75,20.00,185100,2.53
1992-07-10,19.75,20.00,19.75,19.75,77400,2.50
1992-07-09,19.87,20.00,19.62,19.87,232500,2.52
1992-07-08,19.62,19.87,19.62,19.87,190800,2.52
1992-07-07,19.25,19.75,19.25,19.62,321000,2.49
1992-07-06,19.25,19.37,18.62,19.00,116400,2.41
1992-07-02,18.50,19.00,18.50,19.00,138900,2.41
1992-07-01,17.75,18.50,17.75,18.37,190800,2.33
1992-06-30,18.37,18.50,17.62,17.62,342600,2.23
1992-06-29,19.25,19.25,18.25,18.50,211500,2.34
1992-06-26,18.87,19.12,18.75,19.00,85200,2.41
1992-06-25,19.00,19.37,18.87,19.00,65700,2.41
1992-06-24,19.00,19.50,18.87,19.25,96600,2.44
1992-06-23,18.87,19.00,18.75,18.87,49800,2.39
1992-06-22,19.00,19.00,18.62,18.75,103500,2.38
1992-06-19,19.00,19.37,18.87,19.00,72300,2.41
1992-06-18,19.75,19.75,19.12,19.12,125100,2.42
1992-06-17,19.25,20.00,19.25,19.87,255900,2.52
1992-06-16,19.12,19.62,19.12,19.37,133500,2.45
1992-06-15,18.87,19.25,18.87,19.12,48300,2.42
1992-06-12,19.12,19.37,19.00,19.12,126000,2.42
1992-06-11,19.00,19.25,18.87,19.12,183900,2.42
1992-06-10,19.00,19.12,18.75,19.00,189900,2.41
1992-06-09,19.25,19.25,18.87,19.00,46500,2.41
1992-06-08,19.00,19.12,18.87,19.00,104100,2.41
1992-06-05,19.12,19.12,18.87,18.87,65100,2.39
1992-06-04,19.00,19.00,18.87,19.00,255900,2.41
1992-06-03,18.62,19.00,18.62,19.00,225000,2.41
1992-06-02,18.87,18.87,18.62,18.87,226500,2.39
1992-06-01,18.75,18.87,18.62,18.87,124800,2.39
1992-05-29,18.75,18.87,18.75,18.87,111000,2.39
1992-05-28,18.62,18.87,18.62,18.87,83100,2.39
1992-05-27,18.37,18.75,18.37,18.62,45600,2.36
1992-05-26,18.37,18.62,18.37,18.62,51000,2.36
1992-05-22,18.75,18.75,18.00,18.37,66600,2.33
1992-05-21,18.87,19.00,18.62,18.75,67500,2.34
1992-05-20,18.87,18.87,18.62,18.87,63900,2.35
1992-05-19,18.75,18.87,18.62,18.87,72300,2.35
1992-05-18,18.87,18.87,18.62,18.62,93900,2.32
1992-05-15,18.75,18.87,18.62,18.87,36600,2.35
1992-05-14,18.75,18.75,18.62,18.75,33600,2.34
1992-05-13,18.50,18.75,18.50,18.75,46500,2.34
1992-05-12,18.62,18.87,18.50,18.50,75900,2.30
1992-05-11,18.75,18.87,18.50,18.62,65700,2.32
1992-05-08,18.75,19.00,18.62,18.62,74100,2.32
1992-05-07,18.87,19.12,18.87,18.87,40200,2.35
1992-05-06,18.75,19.00,18.62,19.00,46800,2.37
1992-05-05,18.75,19.00,18.50,18.62,49200,2.32
1992-05-04,18.87,19.25,18.75,18.87,84300,2.35
1992-05-01,18.62,18.87,18.62,18.87,34800,2.35
1992-04-30,18.25,18.62,18.25,18.62,69900,2.32
1992-04-29,18.50,18.50,18.37,18.37,32700,2.29
1992-04-28,17.87,18.62,17.75,18.37,236700,2.29
1992-04-27,17.62,18.12,17.62,17.87,74100,2.23
1992-04-24,17.87,18.25,17.62,17.62,91800,2.19
1992-04-23,17.50,18.00,17.50,17.75,128100,2.21
1992-04-22,17.50,18.00,17.50,17.50,38400,2.18
1992-04-21,17.00,17.62,17.00,17.50,186900,2.18
1992-04-20,17.50,17.62,17.00,17.00,119400,2.12
1992-04-16,17.00,17.37,17.00,17.37,165900,2.16
1992-04-15,16.75,16.87,16.50,16.87,274800,2.10
1992-04-14,16.75,16.87,16.50,16.75,135000,2.09
1992-04-13,16.87,16.87,16.62,16.75,162600,2.09
1992-04-10,16.50,16.87,16.50,16.87,177300,2.10
1992-04-09,16.62,16.62,16.37,16.37,254400,2.04
1992-04-08,16.25,16.75,16.25,16.75,131700,2.09
1992-04-07,16.50,16.50,16.25,16.50,474900,2.05
1992-04-06,16.37,16.50,16.25,16.37,159900,2.04
1992-04-03,16.87,16.87,16.25,16.37,176400,2.04
1992-04-02,16.75,17.00,16.50,16.75,257400,2.09
1992-04-01,16.62,17.12,16.50,16.87,221400,2.10
1992-03-31,17.25,17.25,16.62,16.62,219000,2.07
1992-03-30,17.12,17.50,17.12,17.12,55200,2.13
1992-03-27,17.50,17.50,17.00,17.25,121800,2.15
1992-03-26,17.12,17.37,17.00,17.25,90000,2.15
1992-03-25,16.87,17.25,16.75,17.12,137400,2.13
1992-03-24,17.00,17.25,16.75,16.87,229200,2.10
1992-03-23,16.75,17.25,16.75,17.12,118200,2.13
1992-03-20,17.12,17.25,16.50,16.75,186600,2.09
1992-03-19,17.37,17.37,17.00,17.00,40200,2.12
1992-03-18,17.87,17.87,17.25,17.37,120600,2.16
1992-03-17,17.50,17.75,17.25,17.62,150600,2.19
1992-03-16,17.87,17.87,17.25,17.25,105900,2.15
1992-03-13,17.87,18.12,17.75,17.87,67500,2.23
1992-03-12,17.62,18.00,17.62,17.87,30900,2.23
1992-03-11,17.75,18.00,17.62,17.87,65100,2.23
1992-03-10,17.87,18.00,17.75,17.87,36000,2.23
1992-03-09,18.00,18.25,17.75,17.87,71400,2.23
1992-03-06,17.50,18.00,17.50,17.87,75900,2.23
1992-03-05,17.50,17.62,17.37,17.62,89100,2.19
1992-03-04,17.62,17.75,17.37,17.62,72600,2.19
1992-03-03,17.75,17.75,17.37,17.62,140100,2.19
1992-03-02,18.00,18.00,17.62,17.75,61800,2.21
1992-02-28,17.62,17.87,17.37,17.75,118500,2.21
1992-02-27,18.12,18.12,17.62,17.62,96000,2.19
1992-02-26,18.00,18.12,17.75,18.00,315600,2.24
1992-02-25,17.75,18.12,17.62,17.75,99900,2.21
1992-02-24,17.75,18.12,17.75,17.75,104100,2.21
1992-02-21,18.50,18.50,17.62,17.87,269400,2.19
1992-02-20,19.00,19.00,18.37,18.50,135600,2.26
1992-02-19,18.50,19.00,18.50,19.00,114900,2.33
1992-02-18,18.25,18.75,18.25,18.50,84300,2.26
1992-02-14,18.00,18.12,17.87,18.12,134400,2.22
1992-02-13,18.50,18.50,17.87,18.00,138900,2.20
1992-02-12,18.12,18.50,17.87,18.50,166500,2.26
1992-02-11,18.37,18.37,18.00,18.00,333900,2.20
1992-02-10,18.37,18.50,18.00,18.12,165900,2.22
1992-02-07,18.37,18.50,18.12,18.37,147600,2.25
1992-02-06,18.37,18.50,18.12,18.25,135000,2.23
1992-02-05,18.50,18.62,18.25,18.50,107700,2.26
1992-02-04,18.12,18.75,18.12,18.37,225900,2.25
1992-02-03,18.62,18.62,18.00,18.00,336000,2.20
1992-01-31,19.00,19.12,18.37,18.62,70800,2.28
1992-01-30,19.12,19.12,18.87,19.00,144000,2.33
1992-01-29,19.50,19.75,19.00,19.25,340200,2.36
1992-01-28,19.37,19.75,19.25,19.62,69900,2.40
1992-01-27,19.75,19.75,19.25,19.25,435600,2.36
1992-01-24,20.50,20.50,19.75,19.75,34200,2.42
1992-01-23,20.50,20.62,20.37,20.50,84300,2.51
1992-01-22,20.25,20.50,20.12,20.25,103500,2.48
1992-01-21,19.87,20.12,19.62,20.00,33600,2.45
1992-01-20,19.75,19.87,19.62,19.75,43500,2.42
1992-01-17,19.87,19.87,19.50,19.50,39300,2.39
1992-01-16,19.75,19.87,19.50,19.62,78300,2.40
1992-01-15,19.37,19.50,18.75,19.50,170700,2.39
1992-01-14,19.50,19.50,19.12,19.25,99900,2.36
1992-01-13,19.87,19.87,19.37,19.75,513600,2.42
1992-01-10,20.37,20.62,20.12,20.12,125700,2.46
1992-01-09,20.12,20.50,20.00,20.37,101400,2.49
1992-01-08,19.75,20.25,19.75,20.25,225600,2.48
1992-01-07,19.75,20.25,19.62,19.87,94200,2.43
1992-01-06,20.00,20.12,19.50,19.87,323400,2.43
1992-01-03,20.37,20.37,20.00,20.25,69300,2.48
1992-01-02,20.12,20.37,19.87,20.12,109800,2.46
1991-12-31,20.62,20.75,20.12,20.12,181500,2.46
1991-12-30,20.50,21.00,20.37,20.87,795900,2.55
1991-12-27,20.75,20.75,20.37,20.37,61800,2.49
1991-12-26,20.37,21.25,20.25,20.87,23400,2.55
1991-12-24,20.25,20.37,20.25,20.37,33600,2.49
1991-12-23,19.25,20.25,19.00,20.25,133200,2.48
1991-12-20,18.75,19.25,18.75,19.12,220200,2.34
1991-12-19,18.75,18.75,18.37,18.37,271800,2.25
1991-12-18,18.62,18.87,18.50,18.62,374100,2.28
1991-12-17,18.62,18.62,18.25,18.50,113100,2.26
1991-12-16,18.87,18.87,18.50,18.50,234300,2.26
1991-12-13,18.37,18.75,18.37,18.62,98400,2.28
1991-12-12,18.50,18.62,18.37,18.37,81000,2.25
1991-12-11,18.75,18.87,18.37,18.50,187500,2.26
1991-12-10,18.50,18.75,18.50,18.50,122700,2.26
1991-12-09,18.62,18.75,18.62,18.75,75900,2.29
1991-12-06,18.75,18.87,18.37,18.75,269100,2.29
1991-12-05,19.00,19.00,18.87,18.87,16500,2.31
1991-12-04,19.00,19.00,18.75,19.00,87300,2.33
1991-12-03,19.00,19.00,18.87,19.00,185700,2.33
1991-12-02,19.00,19.00,18.87,19.00,152700,2.33
1991-11-29,18.87,19.12,18.87,19.00,85800,2.33
1991-11-27,19.00,19.00,18.87,19.00,275100,2.33
1991-11-26,19.00,19.00,18.87,19.00,146400,2.33
1991-11-25,18.62,19.00,18.62,19.00,73500,2.33
1991-11-22,18.62,19.37,18.62,18.87,84300,2.31
1991-11-21,18.75,19.50,18.75,19.12,188400,2.30
1991-11-20,19.62,19.75,18.75,19.12,243300,2.30
1991-11-19,19.87,20.00,19.50,19.50,75600,2.35
1991-11-18,19.75,20.00,19.25,19.87,130800,2.39
1991-11-15,20.12,20.37,19.75,19.87,69300,2.39
1991-11-14,20.37,20.62,20.25,20.37,94200,2.45
1991-11-13,20.25,20.50,20.25,20.50,63900,2.47
1991-11-12,20.62,20.75,20.37,20.37,32400,2.45
1991-11-11,20.62,20.75,20.62,20.62,126600,2.48
1991-11-08,20.87,21.00,20.75,20.75,71700,2.50
1991-11-07,20.62,20.87,20.62,20.75,407700,2.50
1991-11-06,20.37,20.62,20.37,20.62,103200,2.48
1991-11-05,20.37,20.62,20.37,20.50,44100,2.47
1991-11-04,20.00,20.50,20.00,20.50,109800,2.47
1991-11-01,20.37,20.37,20.12,20.12,66600,2.42
1991-10-31,20.12,20.37,20.00,20.25,63300,2.44
1991-10-30,20.25,20.25,20.00,20.25,63900,2.44
1991-10-29,20.37,20.37,20.25,20.25,141900,2.44
1991-10-28,20.25,20.50,20.12,20.37,126000,2.45
1991-10-25,19.87,20.25,19.87,20.12,31500,2.42
1991-10-24,20.00,20.12,20.00,20.12,70200,2.42
1991-10-23,20.12,20.37,20.12,20.12,121800,2.42
1991-10-22,20.37,20.62,20.25,20.25,92700,2.44
1991-10-21,20.37,20.37,20.25,20.25,45900,2.44
1991-10-18,20.00,20.37,20.00,20.37,129000,2.45
1991-10-17,20.37,20.50,20.25,20.25,62400,2.44
1991-10-16,20.12,20.50,20.00,20.50,91800,2.47
1991-10-15,20.00,20.12,20.00,20.00,164400,2.41
1991-10-14,19.87,20.00,19.87,20.00,59400,2.41
1991-10-11,20.12,20.12,19.87,19.87,87600,2.39
1991-10-10,20.00,20.12,19.87,20.00,90000,2.41
1991-10-09,20.00,20.25,20.00,20.00,100800,2.41
1991-10-08,19.87,20.25,19.87,20.12,90900,2.42
1991-10-07,20.00,20.25,20.00,20.00,67500,2.41
1991-10-04,20.00,20.25,19.87,20.00,90600,2.41
1991-10-03,20.00,20.12,19.87,20.00,160800,2.41
1991-10-02,20.00,20.12,20.00,20.00,104100,2.41
1991-10-01,20.00,20.12,20.00,20.00,322500,2.41
1991-09-30,19.75,20.25,19.75,20.12,143400,2.42
1991-09-27,20.00,20.12,19.87,19.87,68400,2.39
1991-09-26,20.00,20.00,19.87,19.87,44400,2.39
1991-09-25,19.75,20.00,19.75,20.00,129900,2.41
1991-09-24,19.87,19.87,19.75,19.87,64800,2.39
1991-09-23,19.62,19.87,19.62,19.62,50700,2.36
1991-09-20,19.75,19.75,19.62,19.75,104100,2.38
1991-09-19,19.75,19.75,19.62,19.62,122700,2.36
1991-09-18,19.50,19.75,19.50,19.62,55200,2.36
1991-09-17,19.50,19.75,19.50,19.75,121500,2.38
1991-09-16,19.62,19.75,19.50,19.75,71400,2.38
1991-09-13,19.75,19.75,19.62,19.62,99000,2.36
1991-09-12,19.50,19.75,19.37,19.75,331800,2.38
1991-09-11,19.37,19.50,19.37,19.37,73200,2.33
1991-09-10,19.25,19.50,19.25,19.25,121800,2.32
1991-09-09,19.25,19.37,19.25,19.25,155700,2.32
1991-09-06,19.25,19.37,19.25,19.25,49200,2.32
1991-09-05,19.25,19.37,19.12,19.37,74400,2.33
1991-09-04,19.37,19.37,19.12,19.25,41700,2.32
1991-09-03,19.25,19.37,19.12,19.12,41700,2.30
1991-08-30,19.37,19.37,19.12,19.37,32400,2.33
1991-08-29,19.12,19.62,19.12,19.37,104400,2.33
1991-08-28,19.00,19.12,19.00,19.12,33600,2.30
1991-08-27,19.12,19.12,19.00,19.00,133500,2.29
1991-08-26,19.00,19.25,19.00,19.25,64200,2.32
1991-08-23,19.00,19.37,19.00,19.37,245700,2.29
1991-08-22,19.37,19.50,19.00,19.00,508200,2.25
1991-08-21,19.12,19.50,19.12,19.50,141000,2.31
1991-08-20,19.00,19.25,18.87,19.12,159300,2.27
1991-08-19,18.62,18.87,18.37,18.87,105900,2.24
1991-08-16,19.37,19.50,19.12,19.12,124200,2.27
1991-08-15,19.12,19.50,19.00,19.50,123900,2.31
1991-08-14,18.62,19.25,18.62,19.25,165000,2.28
1991-08-13,18.50,18.75,18.12,18.62,313200,2.21
1991-08-12,19.00,19.00,18.50,18.62,172500,2.21
1991-08-09,19.25,19.37,18.87,19.00,130200,2.25
1991-08-08,18.87,19.37,18.87,19.12,99300,2.27
1991-08-07,18.75,19.00,18.62,18.87,63900,2.24
1991-08-06,18.62,18.75,18.37,18.75,47700,2.22
1991-08-05,18.87,18.87,18.50,18.62,45000,2.21
1991-08-02,18.75,18.87,18.62,18.62,403200,2.21
1991-08-01,18.50,18.62,18.50,18.62,162600,2.21
1991-07-31,18.37,18.62,18.25,18.50,149100,2.19
1991-07-30,18.25,18.62,18.25,18.50,71700,2.19
1991-07-29,18.50,18.50,18.25,18.50,53400,2.19
1991-07-26,18.25,18.37,18.12,18.37,65100,2.18
1991-07-25,18.25,18.25,18.12,18.25,50700,2.16
1991-07-24,18.37,18.37,18.12,18.12,48600,2.15
1991-07-23,18.25,18.50,18.12,18.25,75600,2.16
1991-07-22,18.25,18.50,18.12,18.50,42300,2.19
1991-07-19,18.50,18.50,18.12,18.50,141000,2.19
1991-07-18,18.12,18.50,18.12,18.50,96900,2.19
1991-07-17,18.37,18.37,18.12,18.12,77700,2.15
1991-07-16,18.12,18.37,18.12,18.12,91500,2.15
1991-07-15,18.00,18.25,17.87,18.12,65700,2.15
1991-07-12,18.00,18.00,17.87,18.00,57600,2.13
1991-07-11,17.87,18.00,17.75,18.00,66600,2.13
1991-07-10,18.00,18.12,17.87,18.00,60900,2.13
1991-07-09,17.87,18.12,17.62,18.00,76800,2.13
1991-07-08,17.75,17.87,17.62,17.87,188100,2.12
1991-07-05,17.75,17.75,17.50,17.62,31500,2.09
1991-07-03,17.87,17.87,17.50,17.50,76500,2.07
1991-07-02,17.87,17.87,17.62,17.87,68100,2.12
1991-07-01,17.87,17.87,17.62,17.75,53400,2.10
1991-06-28,17.87,18.00,17.37,17.87,308400,2.12
1991-06-27,17.75,18.00,17.75,18.00,153900,2.13
1991-06-26,17.50,17.62,17.50,17.62,122700,2.09
1991-06-25,17.62,17.62,17.37,17.37,99900,2.06
1991-06-24,17.62,17.62,17.37,17.50,118500,2.07
1991-06-21,17.62,17.62,17.50,17.50,197400,2.07
1991-06-20,17.50,17.75,17.50,17.62,158400,2.09
1991-06-19,17.62,17.75,17.37,17.50,278400,2.07
1991-06-18,17.87,17.87,17.75,17.75,156900,2.10
1991-06-17,17.87,18.00,17.75,17.75,92700,2.10
1991-06-14,17.75,17.87,17.62,17.87,80700,2.12
1991-06-13,17.62,17.75,17.50,17.75,74400,2.10
1991-06-12,17.75,17.75,17.50,17.62,181800,2.09
1991-06-11,17.62,17.75,17.50,17.62,143400,2.09
1991-06-10,17.75,17.75,17.50,17.50,84900,2.07
1991-06-07,17.75,17.87,17.37,17.62,305100,2.09
1991-06-06,17.50,18.00,17.50,18.00,521100,2.13
1991-06-05,17.50,17.62,17.37,17.62,299400,2.09
1991-06-04,17.00,17.62,17.00,17.37,2701800,2.06
1991-06-03,17.12,17.12,17.00,17.00,68100,2.01
1991-05-31,17.25,17.50,17.12,17.12,44400,2.03
1991-05-30,17.00,17.25,16.87,17.12,74400,2.03
1991-05-29,17.25,17.37,17.00,17.00,88200,2.01
1991-05-28,17.25,17.62,17.12,17.25,35700,2.04
1991-05-24,17.75,17.75,17.25,17.37,38400,2.06
1991-05-23,17.37,17.75,17.37,17.75,34800,2.10
1991-05-22,17.62,17.62,17.37,17.62,45000,2.09
1991-05-21,17.50,17.62,17.25,17.50,60000,2.07
1991-05-20,17.37,17.50,17.37,17.50,69000,2.07
1991-05-17,17.50,17.50,17.25,17.37,30000,2.06
1991-05-16,17.50,17.62,17.37,17.37,31500,2.06
1991-05-15,17.75,17.75,17.25,17.25,33600,2.04
1991-05-14,17.37,17.75,17.25,17.75,121800,2.10
1991-05-13,17.62,17.75,17.50,17.50,30600,2.07
1991-05-10,18.00,18.25,17.75,17.87,71700,2.08
1991-05-09,18.00,18.00,17.87,18.00,45600,2.10
1991-05-08,18.12,18.12,17.50,17.75,45600,2.07
1991-05-07,17.75,18.00,17.75,18.00,33300,2.10
1991-05-06,18.12,18.12,17.62,17.87,34800,2.08
1991-05-03,17.75,18.00,17.75,17.87,60000,2.08
1991-05-02,18.12,18.12,17.75,17.75,42600,2.07
1991-05-01,18.00,18.00,17.75,18.00,135600,2.10
1991-04-30,18.00,18.25,17.75,17.87,67500,2.08
1991-04-29,18.37,18.37,18.00,18.00,28500,2.10
1991-04-26,17.87,18.37,17.87,18.37,45600,2.14
1991-04-25,18.00,18.25,18.00,18.00,28200,2.10
1991-04-24,17.37,18.12,17.37,17.87,90000,2.08
1991-04-23,17.75,17.75,17.25,17.50,60900,2.04
1991-04-22,18.00,18.00,17.50,17.62,76800,2.05
1991-04-19,18.12,18.12,17.87,18.00,32400,2.10
1991-04-18,18.12,18.25,18.00,18.00,102600,2.10
1991-04-17,18.00,18.37,18.00,18.25,49800,2.12
1991-04-16,18.00,18.12,17.87,18.12,93300,2.11
1991-04-15,18.37,18.37,17.87,18.12,50700,2.11
1991-04-12,18.00,18.37,18.00,18.37,190800,2.14
1991-04-11,18.12,18.25,17.87,18.00,72600,2.10
1991-04-10,18.00,18.37,17.87,18.00,119400,2.10
1991-04-09,17.50,18.00,17.50,17.87,66900,2.08
1991-04-08,17.62,17.87,17.37,17.62,65100,2.05
1991-04-05,17.37,17.87,17.12,17.37,424800,2.02
1991-04-04,17.62,17.62,17.37,17.62,30000,2.05
1991-04-03,17.62,17.62,17.50,17.62,28500,2.05
1991-04-02,17.50,17.62,17.50,17.62,83400,2.05
1991-04-01,17.00,17.25,17.00,17.25,93900,2.01
1991-03-28,17.62,17.62,17.12,17.12,66900,1.99
1991-03-27,17.62,17.62,17.50,17.62,84000,2.05
1991-03-26,17.12,17.50,17.12,17.50,61800,2.04
1991-03-25,16.87,17.25,16.75,17.25,58500,2.01
1991-03-22,16.75,17.00,16.62,17.00,51000,1.98
1991-03-21,16.87,17.00,16.62,17.00,27600,1.98
1991-03-20,17.00,17.00,16.62,16.87,41700,1.96
1991-03-19,16.62,17.00,16.62,16.87,42300,1.96
1991-03-18,16.50,16.87,16.50,16.87,39900,1.96
1991-03-15,16.75,16.75,16.50,16.62,72300,1.93
1991-03-14,16.87,16.87,16.62,16.75,45600,1.95
1991-03-13,17.00,17.00,16.62,16.62,63900,1.93
1991-03-12,16.75,17.12,16.75,16.87,194400,1.96
1991-03-11,16.87,16.87,16.62,16.62,37500,1.93
1991-03-08,16.87,16.87,16.75,16.75,62400,1.95
1991-03-07,16.87,17.12,16.75,16.75,48300,1.95
1991-03-06,16.87,17.12,16.87,16.87,53100,1.96
1991-03-05,17.12,17.12,16.62,16.75,62400,1.95
1991-03-04,16.62,17.00,16.62,17.00,35700,1.98
1991-03-01,17.12,17.12,16.50,16.62,99900,1.93
1991-02-28,17.12,17.37,17.00,17.25,50100,2.01
1991-02-27,17.25,17.25,17.00,17.00,81600,1.98
1991-02-26,17.37,17.50,17.25,17.25,64200,2.01
1991-02-25,17.50,17.87,17.50,17.62,29100,2.05
1991-02-22,17.37,17.62,17.37,17.50,21600,2.04
1991-02-21,18.00,18.00,17.75,17.75,25800,2.03
1991-02-20,17.87,18.00,17.75,17.75,31800,2.03
1991-02-19,18.00,18.25,17.87,18.00,71700,2.06
1991-02-15,18.12,18.12,17.75,18.00,36600,2.06
1991-02-14,18.00,18.00,17.75,17.87,104100,2.05
1991-02-13,17.37,17.87,17.37,17.87,83100,2.05
1991-02-12,17.50,17.62,17.37,17.37,63300,1.99
1991-02-11,17.50,17.50,17.37,17.50,36900,2.00
1991-02-08,17.62,17.62,17.37,17.50,36900,2.00
1991-02-07,17.37,17.62,17.25,17.37,62400,1.99
1991-02-06,17.37,17.50,17.25,17.50,55200,2.00
1991-02-05,17.12,17.62,17.12,17.37,65100,1.99
1991-02-04,16.87,17.37,16.87,17.12,219900,1.96
1991-02-01,16.87,17.00,16.62,17.00,142500,1.95
1991-01-31,16.25,16.75,16.25,16.62,69900,1.90
1991-01-30,16.00,16.37,16.00,16.37,30900,1.87
1991-01-29,16.00,16.25,16.00,16.25,25800,1.86
1991-01-28,15.88,16.12,15.75,16.00,485100,1.83
1991-01-25,15.50,16.00,15.50,16.00,33300,1.83
1991-01-24,15.50,15.88,15.50,15.63,45900,1.79
1991-01-23,15.50,15.88,15.50,15.63,49200,1.79
1991-01-22,15.38,15.63,15.38,15.63,33600,1.79
1991-01-21,15.63,15.63,15.38,15.63,19800,1.79
1991-01-18,15.38,15.63,15.38,15.50,45900,1.77
1991-01-17,15.75,16.00,15.38,15.38,32700,1.76
1991-01-16,15.38,15.75,15.38,15.50,24300,1.77
1991-01-15,15.25,15.75,15.25,15.50,510900,1.77
1991-01-14,15.75,15.88,15.25,15.38,66600,1.76
1991-01-11,16.37,16.37,16.00,16.00,21900,1.83
1991-01-10,16.25,16.37,16.00,16.12,63300,1.85
1991-01-09,16.62,16.62,16.37,16.50,55200,1.89
1991-01-08,15.88,16.37,15.88,16.37,31800,1.87
1991-01-07,16.37,16.37,15.88,16.00,75000,1.83
1991-01-04,16.50,16.50,16.50,16.50,192300,1.89
1991-01-03,16.62,16.75,16.50,16.62,69900,1.90
1991-01-02,16.37,16.50,16.37,16.37,62400,1.87
1990-12-31,16.87,16.87,16.12,16.12,114300,1.85
1990-12-28,17.00,17.12,16.87,17.00,106800,1.95
1990-12-27,17.25,17.25,17.00,17.00,102300,1.95
1990-12-26,16.87,17.12,16.87,17.12,30900,1.96
1990-12-24,17.00,17.00,16.87,16.87,11100,1.93
1990-12-21,17.12,17.37,17.12,17.12,91800,1.96
1990-12-20,17.25,17.37,17.12,17.25,43200,1.97
1990-12-19,17.25,17.37,17.25,17.25,33300,1.97
1990-12-18,17.37,17.50,17.37,17.50,28500,2.00
1990-12-17,17.25,17.50,17.25,17.37,32400,1.99
1990-12-14,17.50,17.75,17.37,17.37,39300,1.99
1990-12-13,17.62,17.75,17.37,17.62,51900,2.02
1990-12-12,17.50,17.62,17.37,17.37,21900,1.99
1990-12-11,17.37,17.75,17.25,17.50,29400,2.00
1990-12-10,17.37,17.75,17.25,17.50,74400,2.00
1990-12-07,17.50,17.62,17.37,17.37,15900,1.99
1990-12-06,17.87,17.87,17.25,17.25,20700,1.97
1990-12-05,17.37,17.62,17.37,17.62,35100,2.02
1990-12-04,17.25,17.50,17.12,17.50,33600,2.00
1990-12-03,17.12,17.37,17.12,17.25,60000,1.97
1990-11-30,16.87,17.25,16.87,17.12,1454400,1.96
1990-11-29,16.75,16.87,16.50,16.62,33600,1.90
1990-11-28,17.00,17.25,16.75,16.75,294000,1.92
1990-11-27,17.25,17.25,16.75,17.00,194100,1.95
1990-11-26,17.00,17.37,16.87,17.12,1137300,1.96
1990-11-23,17.37,17.50,17.37,17.50,14400,1.97
1990-11-21,17.62,18.00,17.37,17.50,405600,1.97
1990-11-20,17.50,17.75,17.37,17.50,24300,1.97
1990-11-19,17.75,17.75,17.62,17.62,1455000,1.98
1990-11-16,17.75,17.75,17.37,17.62,38400,1.98
1990-11-15,17.87,17.87,17.50,17.50,42600,1.97
1990-11-14,17.62,17.87,17.62,17.87,53400,2.01
1990-11-13,17.50,17.87,17.50,17.87,19800,2.01
1990-11-12,17.25,17.62,17.25,17.50,69900,1.97
1990-11-09,17.25,17.37,17.12,17.25,19800,1.94
1990-11-08,17.12,17.37,17.00,17.12,187500,1.93
1990-11-07,17.12,17.37,17.00,17.25,75600,1.94
1990-11-06,17.12,17.25,17.12,17.25,30900,1.94
1990-11-05,17.12,17.37,16.87,16.87,69300,1.90
1990-11-02,17.12,17.25,17.00,17.12,46500,1.93
1990-11-01,16.75,17.00,16.75,17.00,51600,1.91
1990-10-31,16.75,16.87,16.75,16.75,24000,1.89
1990-10-30,16.75,16.75,16.50,16.75,68100,1.89
1990-10-29,16.75,16.75,16.62,16.75,53400,1.89
1990-10-26,16.62,16.75,16.62,16.75,21600,1.89
1990-10-25,16.50,16.87,16.50,16.75,33600,1.89
1990-10-24,16.37,16.50,16.25,16.50,34800,1.86
1990-10-23,16.37,16.50,16.37,16.50,41100,1.86
1990-10-22,16.50,16.50,16.37,16.50,31800,1.86
1990-10-19,16.25,16.50,16.25,16.37,30900,1.84
1990-10-18,16.12,16.37,16.12,16.37,18600,1.84
1990-10-17,16.12,16.50,16.12,16.25,101400,1.83
1990-10-16,16.50,16.62,16.25,16.25,35700,1.83
1990-10-15,16.12,16.75,16.00,16.50,108900,1.86
1990-10-12,15.63,15.88,15.50,15.63,63900,1.76
1990-10-11,16.00,16.00,15.50,15.63,39300,1.76
1990-10-10,16.37,16.50,16.00,16.12,56700,1.81
1990-10-09,16.62,16.62,16.12,16.50,33300,1.86
1990-10-08,16.62,16.62,16.50,16.62,24000,1.87
1990-10-05,16.50,16.50,16.50,16.50,63300,1.86
1990-10-04,16.00,16.50,16.00,16.50,38100,1.86
1990-10-03,16.12,16.12,15.88,16.00,74400,1.80
1990-10-02,16.12,16.37,16.12,16.37,39900,1.84
1990-10-01,15.88,16.37,15.75,15.75,85200,1.77
1990-09-28,15.88,16.00,15.63,15.88,58500,1.79
1990-09-27,16.12,16.12,15.75,15.75,48300,1.77
1990-09-26,16.00,16.25,15.75,16.00,69300,1.80
1990-09-25,15.75,16.00,15.50,15.88,88500,1.79
1990-09-24,15.50,15.63,15.13,15.63,31800,1.76
1990-09-21,15.75,15.75,15.25,15.50,34200,1.74
1990-09-20,15.88,16.00,15.25,15.75,354300,1.77
1990-09-19,15.38,15.88,15.38,15.88,136500,1.79
1990-09-18,15.50,15.63,15.13,15.38,522300,1.73
1990-09-17,16.12,16.25,15.50,15.50,45600,1.74
1990-09-14,16.75,16.75,16.37,16.37,35700,1.84
1990-09-13,16.87,16.87,16.75,16.87,42600,1.90
1990-09-12,16.50,16.87,16.50,16.87,38100,1.90
1990-09-11,16.50,16.62,16.25,16.62,38100,1.87
1990-09-10,16.37,16.37,16.25,16.37,36900,1.84
1990-09-07,16.12,16.62,16.12,16.25,43200,1.83
1990-09-06,15.50,16.12,15.50,16.12,72600,1.81
1990-09-05,14.75,15.38,14.75,15.38,89400,1.73
1990-09-04,14.63,14.88,14.63,14.88,40800,1.67
1990-08-31,15.00,15.00,14.63,14.63,1114800,1.65
1990-08-30,15.25,15.25,14.88,15.00,60600,1.69
1990-08-29,15.00,15.13,15.00,15.13,182400,1.70
1990-08-28,15.38,15.38,14.75,14.75,130800,1.66
1990-08-27,14.88,15.13,14.88,15.00,53100,1.69
1990-08-24,15.25,15.63,15.00,15.13,30900,1.67
1990-08-23,15.75,15.75,15.25,15.25,65700,1.68
1990-08-22,16.00,16.25,16.00,16.00,35700,1.77
1990-08-21,15.63,16.00,15.25,16.00,47700,1.77
1990-08-20,15.88,15.88,15.50,15.63,37500,1.72
1990-08-17,15.88,16.00,15.63,15.88,85200,1.75
1990-08-16,16.25,16.25,15.63,16.12,93300,1.78
1990-08-15,16.87,16.87,16.37,16.37,104400,1.81
1990-08-14,16.50,16.75,16.25,16.75,43500,1.85
1990-08-13,16.50,16.62,16.37,16.62,66000,1.83
1990-08-10,16.25,16.50,16.25,16.50,167700,1.82
1990-08-09,16.62,16.75,16.25,16.25,97500,1.79
1990-08-08,17.25,17.25,16.50,16.87,107400,1.86
1990-08-07,17.62,17.87,17.12,17.25,92400,1.90
1990-08-06,17.62,17.87,17.62,17.62,90600,1.94
1990-08-03,17.87,18.00,17.50,18.00,62700,1.99
1990-08-02,17.62,18.00,17.62,17.87,33300,1.97
1990-08-01,17.25,17.75,17.25,17.75,69300,1.96
1990-07-31,17.87,17.87,17.25,17.25,101700,1.90
1990-07-30,17.87,17.87,17.62,17.87,24300,1.97
1990-07-27,17.87,18.00,17.75,17.75,44400,1.96
1990-07-26,17.87,18.12,17.75,18.12,25200,2.00
1990-07-25,17.87,18.00,17.75,18.00,30600,1.99
1990-07-24,17.50,18.00,17.50,17.87,80100,1.97
1990-07-23,18.12,18.25,17.62,17.62,33600,1.94
1990-07-20,18.00,18.25,18.00,18.25,30900,2.01
1990-07-19,17.75,18.12,17.50,18.00,156000,1.99
1990-07-18,17.50,17.75,17.50,17.50,56100,1.93
1990-07-17,17.50,17.75,17.25,17.25,51900,1.90
1990-07-16,17.75,17.87,17.37,17.50,57600,1.93
1990-07-13,17.62,17.75,17.50,17.75,44100,1.96
1990-07-12,17.50,17.75,17.37,17.62,66900,1.94
1990-07-11,17.62,17.87,17.50,17.50,42300,1.93
1990-07-10,17.87,17.87,17.50,17.50,130200,1.93
1990-07-09,17.87,17.87,17.75,17.75,24000,1.96
1990-07-06,18.12,18.25,18.00,18.12,29400,2.00
1990-07-05,17.75,18.12,17.62,18.12,31800,2.00
1990-07-03,18.12,18.12,17.75,17.87,35100,1.97
1990-07-02,17.62,18.00,17.62,18.00,67500,1.99
1990-06-29,36.63,36.63,35.00,35.00,237000,1.93
1990-06-28,36.88,36.88,36.38,36.38,23400,2.01
1990-06-27,36.88,36.88,36.75,36.75,34800,2.03
1990-06-26,36.63,36.88,36.50,36.88,55200,2.03
1990-06-25,36.38,36.63,36.38,36.50,30000,2.01
1990-06-22,36.63,36.63,36.38,36.38,88800,2.01
1990-06-21,36.38,36.63,36.38,36.63,31800,2.02
1990-06-20,36.50,36.63,36.38,36.50,18600,2.01
1990-06-19,36.75,36.75,36.63,36.75,63600,2.03
1990-06-18,37.13,37.13,36.88,37.00,18000,2.04
1990-06-15,37.00,37.00,36.75,37.00,25200,2.04
1990-06-14,36.75,37.00,36.75,37.00,28800,2.04
1990-06-13,36.50,37.00,36.50,36.75,52200,2.03
1990-06-12,36.38,36.75,36.38,36.75,20400,2.03
1990-06-11,36.25,36.38,36.25,36.25,18600,2.00
1990-06-08,36.63,36.88,36.25,36.25,376800,2.00
1990-06-07,36.50,36.75,36.50,36.63,174600,2.02
1990-06-06,36.38,36.75,36.38,36.50,21600,2.01
1990-06-05,36.63,36.63,36.38,36.38,57000,2.01
1990-06-04,36.63,36.75,36.63,36.75,31800,2.03
1990-06-01,36.63,36.75,36.63,36.75,69600,2.03
1990-05-31,36.50,36.88,36.50,36.63,161400,2.02
1990-05-30,36.50,36.50,36.50,36.50,150000,2.01
1990-05-29,36.25,36.38,35.75,36.38,5613600,2.01
1990-05-25,36.00,36.25,35.88,36.25,31200,2.00
1990-05-24,35.88,36.25,35.63,36.25,69600,2.00
1990-05-23,36.00,36.50,36.00,36.38,86400,1.97
1990-05-22,36.00,36.00,35.50,35.75,4845000,1.94
1990-05-21,35.75,35.88,35.63,35.88,28800,1.95
1990-05-18,35.75,35.88,35.63,35.88,25200,1.95
1990-05-17,35.75,35.88,35.38,35.88,46200,1.95
1990-05-16,35.75,35.75,35.50,35.50,31800,1.93
1990-05-15,36.00,36.00,35.50,35.75,63000,1.94
1990-05-14,36.13,36.13,35.75,35.75,46800,1.94
1990-05-11,35.13,36.25,35.00,36.25,138000,1.97
1990-05-10,35.00,35.38,34.75,35.25,63000,1.91
1990-05-09,35.00,35.25,34.88,35.00,48600,1.90
1990-05-08,35.13,35.38,34.88,35.13,63000,1.91
1990-05-07,35.38,35.38,35.00,35.00,49800,1.90
1990-05-04,35.13,35.25,35.13,35.13,27000,1.91
1990-05-03,35.25,35.38,35.13,35.25,24600,1.91
1990-05-02,35.13,35.13,34.88,35.13,65400,1.91
1990-05-01,35.25,35.38,35.25,35.25,37200,1.91
1990-04-30,35.50,35.50,35.25,35.38,28200,1.92
1990-04-27,35.50,35.50,35.25,35.50,34800,1.93
1990-04-26,35.88,35.88,35.50,35.50,33600,1.93
1990-04-25,35.88,35.88,35.63,35.88,33600,1.95
1990-04-24,35.88,36.00,35.75,36.00,71400,1.95
1990-04-23,35.63,35.88,35.63,35.63,73200,1.93
1990-04-20,35.75,35.88,35.63,35.75,21600,1.94
1990-04-19,36.00,36.13,35.88,35.88,40200,1.95
1990-04-18,35.63,36.00,35.50,36.00,25200,1.95
1990-04-17,36.00,36.00,35.63,35.63,208200,1.93
1990-04-16,35.63,36.00,35.50,35.88,79800,1.95
1990-04-12,35.38,35.63,35.00,35.63,71400,1.93
1990-04-11,35.50,35.50,35.38,35.38,268200,1.92
1990-04-10,35.50,35.63,35.25,35.63,70200,1.93
1990-04-09,36.00,36.25,35.50,35.50,70200,1.93
1990-04-06,36.25,36.38,35.88,36.25,58200,1.97
1990-04-05,36.50,36.50,36.13,36.13,57000,1.96
1990-04-04,36.75,37.00,36.63,36.75,54600,1.99
1990-04-03,37.00,37.00,36.75,36.88,63000,2.00
1990-04-02,37.13,37.13,36.38,36.75,76200,1.99
1990-03-30,37.00,37.25,36.75,37.25,82200,2.02
1990-03-29,37.75,37.88,37.13,37.13,165000,2.02
1990-03-28,36.63,36.75,36.13,36.50,124800,1.98
1990-03-27,35.13,36.25,35.13,36.25,76200,1.97
1990-03-26,35.13,35.25,35.13,35.25,101400,1.91
1990-03-23,35.13,35.38,35.13,35.38,35400,1.92
1990-03-22,35.13,35.13,35.13,35.13,46800,1.91
1990-03-21,35.25,35.50,35.25,35.25,28200,1.91
1990-03-20,35.00,35.75,35.00,35.38,117000,1.92
1990-03-19,34.75,35.25,34.75,35.00,28200,1.90
1990-03-16,35.00,35.13,35.00,35.13,34800,1.91
1990-03-15,35.13,35.13,35.00,35.13,63600,1.91
1990-03-14,35.13,35.25,35.13,35.13,12000,1.91
1990-03-13,35.50,35.50,35.13,35.25,93000,1.91
1990-03-12,35.88,36.00,35.50,35.50,61200,1.93
1990-03-09,36.25,36.25,36.00,36.25,38400,1.97
1990-03-08,36.13,36.38,36.13,36.38,83400,1.97
1990-03-07,36.00,36.00,36.00,36.00,38400,1.95
1990-03-06,35.63,35.88,35.63,35.88,39600,1.95
1990-03-05,35.75,36.00,35.50,35.88,48000,1.95
1990-03-02,35.63,36.00,35.50,36.00,26400,1.95
1990-03-01,35.88,35.88,35.63,35.63,31800,1.93
1990-02-28,35.38,35.75,35.25,35.63,57000,1.93
1990-02-27,35.25,35.63,35.00,35.63,954600,1.93
1990-02-26,34.88,35.00,34.75,35.00,4873800,1.90
1990-02-23,34.75,35.00,34.75,34.88,23400,1.89
1990-02-22,34.75,35.00,34.75,34.88,13200,1.89
1990-02-21,35.25,35.63,35.13,35.50,661800,1.90
1990-02-20,35.63,35.75,35.38,35.50,1828200,1.90
1990-02-16,35.75,35.75,35.63,35.75,1863600,1.91
1990-02-15,36.00,36.00,35.75,35.75,46800,1.91
1990-02-14,35.63,35.88,35.50,35.75,31200,1.91
1990-02-13,35.50,35.63,35.38,35.50,42000,1.90
1990-02-12,35.38,35.63,35.25,35.63,34800,1.90
1990-02-09,35.50,35.63,35.38,35.63,28800,1.90
1990-02-08,35.63,35.63,35.38,35.63,33600,1.90
1990-02-07,35.38,35.63,35.38,35.63,16200,1.90
1990-02-06,35.50,35.63,35.50,35.63,48000,1.90
1990-02-05,35.25,35.63,35.25,35.63,31200,1.90
1990-02-02,35.00,35.38,34.88,35.38,55200,1.89
1990-02-01,34.88,35.50,34.88,35.25,56400,1.88
1990-01-31,34.63,35.00,34.63,34.88,67200,1.86
1990-01-30,34.50,34.75,34.50,34.75,27000,1.86
1990-01-29,34.75,34.75,34.25,34.25,83400,1.83
1990-01-26,35.38,35.38,34.50,34.63,60000,1.85
1990-01-25,34.75,35.63,34.63,35.13,81600,1.88
1990-01-24,35.38,35.50,34.38,34.75,196200,1.86
1990-01-23,36.13,36.13,35.63,36.00,53400,1.92
1990-01-22,36.25,36.25,35.75,36.00,60000,1.92
1990-01-19,36.38,36.50,36.25,36.25,57000,1.94
1990-01-18,36.75,36.88,36.50,36.50,46800,1.95
1990-01-17,37.00,37.00,36.88,36.88,20400,1.97
1990-01-16,36.75,36.75,36.50,36.75,49800,1.96
1990-01-15,37.25,37.25,37.00,37.00,88800,1.98
1990-01-12,37.75,37.75,37.00,37.13,123000,1.98
1990-01-11,38.00,38.13,37.75,37.88,118800,2.02
1990-01-10,38.75,38.75,38.00,38.00,87000,2.03
1990-01-09,38.63,38.75,38.63,38.63,18600,2.06
1990-01-08,38.75,38.75,38.63,38.63,35400,2.06
1990-01-05,38.75,39.13,38.63,38.88,54600,2.08
1990-01-04,39.25,39.25,38.88,38.88,69600,2.08
1990-01-03,39.25,39.25,38.50,39.00,121200,2.08
1990-01-02,38.63,39.00,38.50,39.00,208200,2.08
1989-12-29,38.38,38.75,38.25,38.38,131400,2.05
1989-12-28,38.00,38.50,38.00,38.25,40200,2.04
1989-12-27,37.50,38.00,37.50,38.00,28800,2.03
1989-12-26,37.63,37.63,37.63,37.63,3600,2.01
1989-12-22,37.50,37.75,37.38,37.63,24600,2.01
1989-12-21,37.50,37.75,37.50,37.75,31200,2.02
1989-12-20,37.38,37.50,37.13,37.50,73800,2.00
1989-12-19,37.63,37.63,37.25,37.25,37200,1.99
1989-12-18,37.50,37.75,37.38,37.38,33600,2.00
1989-12-15,37.50,37.63,37.38,37.63,125400,2.01
1989-12-14,37.63,37.63,37.63,37.63,23400,2.01
1989-12-13,37.88,38.00,37.88,37.88,58200,2.02
1989-12-12,37.25,37.63,37.13,37.63,72000,2.01
1989-12-11,37.50,37.63,37.25,37.25,63600,1.99
1989-12-08,37.50,37.50,37.25,37.25,126600,1.99
1989-12-07,37.25,37.50,37.25,37.50,38400,2.00
1989-12-06,37.50,37.50,37.25,37.25,43200,1.99
1989-12-05,37.75,37.75,37.38,37.38,67200,2.00
1989-12-04,37.25,37.63,37.13,37.50,95400,2.00
1989-12-01,37.50,37.63,37.00,37.25,202800,1.99
1989-11-30,37.38,37.38,37.38,37.38,128400,2.00
1989-11-29,37.13,37.50,37.13,37.38,64800,2.00
1989-11-28,37.25,37.25,37.25,37.25,5397000,1.99
1989-11-27,37.50,37.50,37.13,37.25,58800,1.99
1989-11-24,36.75,37.50,36.75,37.38,117000,2.00
1989-11-22,37.38,37.50,37.38,37.38,30000,1.97
1989-11-21,37.50,37.63,37.38,37.50,50400,1.97
1989-11-20,36.88,37.50,36.88,37.38,1865400,1.97
1989-11-17,36.88,36.88,36.75,36.88,1940400,1.94
1989-11-16,37.00,37.13,37.00,37.00,306600,1.95
1989-11-15,37.00,37.00,36.50,36.75,85200,1.93
1989-11-14,37.13,37.25,37.00,37.13,22200,1.95
1989-11-13,36.75,37.25,36.63,37.25,66600,1.96
1989-11-10,36.63,36.75,36.63,36.63,27000,1.93
1989-11-09,36.50,36.75,36.50,36.63,69600,1.93
1989-11-08,36.88,36.88,36.25,36.63,100200,1.93
1989-11-07,37.63,37.63,37.00,37.13,116400,1.95
1989-11-06,38.13,38.25,37.75,37.88,66600,1.99
1989-11-03,38.25,38.25,38.13,38.13,31200,2.01
1989-11-02,38.13,38.38,38.00,38.25,150000,2.01
1989-11-01,38.25,38.38,38.00,38.25,99600,2.01
1989-10-31,38.00,38.25,37.88,38.00,125400,2.00
1989-10-30,38.13,38.13,37.88,38.00,52200,2.00
1989-10-27,38.25,38.63,37.75,38.13,121800,2.01
1989-10-26,38.13,38.50,38.13,38.50,63000,2.03
1989-10-25,38.00,38.38,37.88,38.13,76200,2.01
1989-10-24,38.00,38.13,37.75,38.13,198600,2.01
1989-10-23,38.00,38.25,38.00,38.13,75000,2.01
1989-10-20,38.00,38.25,38.00,38.13,42000,2.01
1989-10-19,38.00,38.38,38.00,38.25,90000,2.01
1989-10-18,38.00,38.13,37.88,38.13,87000,2.01
1989-10-17,38.00,38.38,37.88,38.00,213000,2.00
1989-10-16,37.75,38.25,37.50,38.25,256200,2.01
1989-10-13,39.13,39.38,38.00,38.25,278400,2.01
1989-10-12,39.25,39.25,39.13,39.25,63600,2.07
1989-10-11,39.25,39.38,39.13,39.38,102000,2.07
1989-10-10,39.25,39.50,39.25,39.38,166200,2.07
1989-10-09,39.00,39.25,39.00,39.13,15000,2.06
1989-10-06,39.38,39.38,39.00,39.13,64800,2.06
1989-10-05,39.00,39.50,39.00,39.50,81600,2.08
1989-10-04,39.00,39.13,38.63,39.13,63000,2.06
1989-10-03,38.63,38.75,38.63,38.75,41400,2.04
1989-10-02,38.50,38.75,38.50,38.50,82200,2.03
1989-09-29,38.88,39.13,38.50,38.50,123000,2.03
1989-09-28,38.63,38.75,38.63,38.75,116400,2.04
1989-09-27,38.75,39.00,38.63,38.63,110400,2.03
1989-09-26,39.00,39.13,38.88,38.88,143400,2.05
1989-09-25,39.25,39.38,39.00,39.00,121200,2.05
1989-09-22,39.25,39.38,38.88,39.25,106200,2.07
1989-09-21,39.25,39.50,39.13,39.38,68400,2.07
1989-09-20,39.25,39.50,39.25,39.25,63600,2.07
1989-09-19,39.13,40.13,39.00,39.50,154800,2.08
1989-09-18,39.38,39.50,39.00,39.25,178200,2.07
1989-09-15,39.00,39.63,38.75,39.50,190200,2.08
1989-09-14,38.50,38.88,38.50,38.75,159600,2.04
1989-09-13,38.38,38.88,38.38,38.75,151800,2.04
1989-09-12,38.38,38.38,38.38,38.38,61200,2.02
1989-09-11,38.25,38.50,37.88,38.38,91200,2.02
1989-09-08,38.13,38.63,38.13,38.13,148200,2.01
1989-09-07,37.88,38.38,37.88,38.25,95400,2.01
1989-09-06,38.00,38.25,37.88,37.88,63000,1.99
1989-09-05,38.00,38.13,37.75,38.00,64800,2.00
1989-09-01,37.88,38.13,37.63,38.00,173400,2.00
1989-08-31,38.00,38.13,37.88,38.00,64800,2.00
1989-08-30,38.13,38.13,38.00,38.13,66600,2.01
1989-08-29,38.00,38.13,37.88,37.88,91800,1.99
1989-08-28,38.00,38.00,37.63,37.88,76800,1.99
1989-08-25,37.63,38.00,37.63,37.88,76800,1.99
1989-08-24,37.88,38.38,37.88,38.25,6087000,1.98
1989-08-23,37.88,38.13,37.88,38.00,85200,1.97
1989-08-22,37.88,38.13,37.63,37.75,203400,1.96
1989-08-21,38.25,38.25,37.75,38.00,145200,1.97
1989-08-18,37.88,38.13,37.88,38.13,196800,1.98
1989-08-17,37.75,38.00,37.63,37.88,228000,1.96
1989-08-16,37.50,37.75,37.38,37.75,111600,1.96
1989-08-15,37.38,37.63,37.38,37.50,1995000,1.94
1989-08-14,37.75,37.75,37.13,37.38,157800,1.94
1989-08-11,38.38,38.38,37.75,38.00,188400,1.97
1989-08-10,38.13,38.50,38.00,38.38,144600,1.99
1989-08-09,37.63,38.25,37.63,38.13,193200,1.98
1989-08-08,37.00,37.75,37.00,37.63,172800,1.95
1989-08-07,36.63,37.13,36.63,37.00,123600,1.92
1989-08-04,36.38,36.75,36.38,36.63,163200,1.90
1989-08-03,36.13,36.50,36.13,36.50,88800,1.89
1989-08-02,36.00,36.25,36.00,36.25,82200,1.88
1989-08-01,36.00,36.25,35.75,36.13,118200,1.87
1989-07-31,35.63,36.00,35.50,36.00,117000,1.87
1989-07-28,36.00,36.00,35.75,35.88,150000,1.86
1989-07-27,35.50,36.00,35.50,36.00,138000,1.87
1989-07-26,35.13,35.50,35.13,35.50,73800,1.84
1989-07-25,35.13,35.38,35.13,35.25,86400,1.83
1989-07-24,35.13,35.38,35.00,35.13,60000,1.82
1989-07-21,35.25,35.63,35.13,35.25,126600,1.83
1989-07-20,35.25,35.63,35.13,35.38,172800,1.83
1989-07-19,35.13,35.50,35.13,35.38,163800,1.83
1989-07-18,35.25,35.38,35.13,35.38,135000,1.83
1989-07-17,35.38,35.38,35.13,35.38,102000,1.83
1989-07-14,35.13,35.50,35.13,35.38,88200,1.83
1989-07-13,35.00,35.13,34.75,35.13,181200,1.82
1989-07-12,35.13,35.25,35.00,35.00,86400,1.81
1989-07-11,35.25,35.38,35.00,35.13,143400,1.82
1989-07-10,35.25,35.25,35.00,35.25,84600,1.83
1989-07-07,34.75,35.25,34.75,35.00,133200,1.81
1989-07-06,34.38,34.50,34.25,34.50,68400,1.79
1989-07-05,34.25,34.38,34.25,34.38,69600,1.78
1989-07-03,33.50,34.13,33.50,34.00,114600,1.76
1989-06-30,34.13,34.13,33.50,33.50,270000,1.74
1989-06-29,34.75,34.75,34.38,34.50,80400,1.79
1989-06-28,34.63,34.88,34.63,34.88,70200,1.81
1989-06-27,34.63,34.88,34.50,34.63,83400,1.80
1989-06-26,34.63,34.88,34.50,34.88,66600,1.81
1989-06-23,34.38,34.88,34.38,34.88,93000,1.81
1989-06-22,34.75,34.75,34.38,34.38,67200,1.78
1989-06-21,34.88,34.88,34.63,34.63,48600,1.80
1989-06-20,34.75,34.75,34.38,34.75,142800,1.80
1989-06-19,34.63,34.75,34.50,34.75,65400,1.80
1989-06-16,34.88,35.00,34.50,34.50,72000,1.79
1989-06-15,35.38,35.63,35.13,35.13,203400,1.82
1989-06-14,35.50,35.63,35.13,35.50,177000,1.84
1989-06-13,35.13,35.38,35.00,35.25,91200,1.83
1989-06-12,35.75,35.75,35.00,35.00,193800,1.81
1989-06-09,35.50,35.75,35.13,35.50,125400,1.84
1989-06-08,34.63,35.50,34.63,35.38,261600,1.83
1989-06-07,34.75,35.00,34.63,34.75,124800,1.80
1989-06-06,34.63,35.00,34.63,35.00,192000,1.81
1989-06-05,35.38,35.38,34.38,34.50,208200,1.79
1989-06-02,35.63,36.00,35.50,35.50,292800,1.84
1989-06-01,34.88,35.38,34.88,35.13,318000,1.82
1989-05-31,34.38,35.50,34.13,35.13,397800,1.82
1989-05-30,33.88,34.25,33.88,34.13,145200,1.77
1989-05-26,33.63,33.75,33.50,33.75,3774600,1.75
1989-05-25,33.25,33.75,33.25,33.50,3495000,1.74
1989-05-24,33.13,33.63,32.88,33.38,1148400,1.73
1989-05-23,32.88,33.75,32.75,33.50,266400,1.71
1989-05-22,32.75,33.00,32.63,33.00,111600,1.68
1989-05-19,32.63,32.75,32.38,32.50,76200,1.66
1989-05-18,32.88,32.88,32.38,32.38,70200,1.65
1989-05-17,32.88,33.13,32.63,32.88,154800,1.68
1989-05-16,32.00,32.63,32.00,32.63,91800,1.66
1989-05-15,31.87,32.25,31.87,32.13,142800,1.64
1989-05-12,31.87,32.13,31.75,32.00,676800,1.63
1989-05-11,31.75,31.75,31.50,31.62,1835400,1.61
1989-05-10,31.75,31.75,31.37,31.62,64800,1.61
1989-05-09,31.62,31.75,31.50,31.50,78000,1.61
1989-05-08,31.25,31.62,31.25,31.62,63000,1.61
1989-05-05,31.50,31.62,31.37,31.37,76200,1.60
1989-05-04,31.00,31.37,31.00,31.37,61800,1.60
1989-05-03,31.25,31.25,31.00,31.25,48000,1.59
1989-05-02,31.25,31.25,31.00,31.25,33000,1.59
1989-05-01,31.50,31.75,31.00,31.25,270000,1.59
1989-04-28,31.62,31.75,31.50,31.75,108000,1.62
1989-04-27,31.75,31.75,31.50,31.50,83400,1.61
1989-04-26,31.50,31.75,31.50,31.62,198000,1.61
1989-04-25,31.87,32.00,31.50,31.75,51600,1.62
1989-04-24,31.87,31.87,31.62,31.62,81600,1.61
1989-04-21,31.37,31.75,31.37,31.75,42000,1.62
1989-04-20,31.50,31.75,31.37,31.62,67200,1.61
1989-04-19,31.62,31.75,31.50,31.62,128400,1.61
1989-04-18,31.62,31.75,31.50,31.75,70200,1.62
1989-04-17,32.13,32.13,31.62,31.62,73200,1.61
1989-04-14,32.25,32.25,31.87,32.00,87000,1.63
1989-04-13,31.87,32.25,31.75,32.13,145200,1.64
1989-04-12,31.62,31.87,31.62,31.87,141600,1.62
1989-04-11,31.37,31.62,31.37,31.37,61200,1.60
1989-04-10,31.62,31.75,31.12,31.25,63600,1.59
1989-04-07,31.62,31.87,31.62,31.62,76200,1.61
1989-04-06,31.87,31.87,31.62,31.87,120000,1.62
1989-04-05,31.62,32.00,31.62,31.75,116400,1.62
1989-04-04,31.50,31.87,31.50,31.75,133800,1.62
1989-04-03,31.50,31.87,31.50,31.50,150000,1.61
1989-03-31,31.50,32.00,31.50,31.62,211200,1.61
1989-03-30,31.75,32.13,31.50,31.62,138000,1.61
1989-03-29,31.12,31.50,31.12,31.50,90000,1.61
1989-03-28,30.50,31.12,30.50,31.00,544800,1.58
1989-03-27,30.37,30.75,30.37,30.62,350400,1.56
1989-03-23,30.62,30.87,30.37,30.50,141600,1.55
1989-03-22,30.87,30.87,30.50,30.75,113400,1.57
1989-03-21,31.00,31.00,30.75,30.87,88200,1.57
1989-03-20,31.12,31.12,30.75,31.00,121200,1.58
1989-03-17,31.87,31.87,31.12,31.37,133800,1.60
1989-03-16,31.75,32.00,31.62,31.87,136800,1.62
1989-03-15,31.87,31.87,31.62,31.75,133200,1.62
1989-03-14,31.62,31.87,31.25,31.87,245400,1.62
1989-03-13,31.25,31.50,31.25,31.25,125400,1.59
1989-03-10,31.50,31.50,31.25,31.37,88800,1.60
1989-03-09,31.37,31.62,31.25,31.50,97200,1.61
1989-03-08,31.50,31.50,31.12,31.25,172800,1.59
1989-03-07,31.50,31.62,31.37,31.37,161400,1.60
1989-03-06,31.62,31.62,31.12,31.50,247800,1.61
1989-03-03,31.00,31.62,31.00,31.37,804600,1.60
1989-03-02,30.00,30.75,30.00,30.75,131400,1.57
1989-03-01,29.25,29.87,29.12,29.87,205200,1.52
1989-02-28,29.00,29.25,28.87,29.25,860400,1.49
1989-02-27,28.75,29.00,28.75,28.87,127800,1.47
1989-02-24,28.87,29.25,28.87,29.12,318000,1.48
1989-02-23,28.75,28.87,28.75,28.87,2490000,1.47
1989-02-22,29.00,29.00,28.75,28.75,195000,1.47
1989-02-21,29.37,29.62,29.25,29.62,350400,1.48
1989-02-17,29.62,29.62,29.37,29.37,184800,1.47
1989-02-16,29.62,30.00,29.62,29.62,78000,1.48
1989-02-15,29.50,29.87,29.50,29.75,102000,1.49
1989-02-14,29.62,29.87,29.62,29.62,64800,1.48
1989-02-13,29.75,29.87,29.50,29.62,101400,1.48
1989-02-10,30.00,30.00,29.75,29.75,140400,1.49
1989-02-09,30.00,30.25,30.00,30.00,145200,1.50
1989-02-08,30.00,30.00,29.75,29.87,56400,1.50
1989-02-07,29.37,29.75,29.37,29.75,58200,1.49
1989-02-06,29.75,29.75,29.37,29.50,84600,1.48
1989-02-03,29.75,30.00,29.50,30.00,94800,1.50
1989-02-02,30.37,30.37,29.87,29.87,143400,1.50
1989-02-01,30.50,30.75,30.37,30.37,70200,1.52
1989-01-31,30.62,30.75,30.50,30.50,72000,1.53
1989-01-30,31.00,31.00,30.50,30.75,150000,1.54
1989-01-27,31.25,31.25,31.00,31.00,94800,1.55
1989-01-26,31.12,31.25,31.00,31.00,118200,1.55
1989-01-25,31.00,31.25,31.00,31.00,68400,1.55
1989-01-24,30.87,31.25,30.87,31.00,63000,1.55
1989-01-23,31.00,31.12,31.00,31.00,90000,1.55
1989-01-20,31.00,31.25,31.00,31.00,361800,1.55
1989-01-19,31.00,31.25,31.00,31.00,121200,1.55
1989-01-18,31.00,31.12,30.87,31.00,101400,1.55
1989-01-17,31.00,31.12,31.00,31.12,78000,1.56
1989-01-16,31.00,31.12,31.00,31.12,151200,1.56
1989-01-13,31.00,31.25,31.00,31.00,79800,1.55
1989-01-12,31.00,31.12,30.87,31.00,260400,1.55
1989-01-11,31.25,31.50,31.00,31.00,221400,1.55
1989-01-10,30.87,31.37,30.75,31.25,106200,1.56
1989-01-09,30.87,30.87,30.62,30.87,246600,1.55
1989-01-06,30.75,31.12,30.75,30.87,296400,1.55
1989-01-05,30.75,31.00,30.62,30.62,156600,1.53
1989-01-04,30.50,31.25,30.50,30.50,190200,1.53
1989-01-03,30.00,30.37,29.87,30.25,166200,1.51
1988-12-30,30.00,30.25,29.87,29.87,79800,1.50
1988-12-29,29.62,30.50,29.62,30.12,185400,1.51
1988-12-28,29.12,29.50,29.12,29.37,99600,1.47
1988-12-27,29.12,29.12,29.00,29.00,83400,1.45
1988-12-23,28.87,29.25,28.75,29.25,115200,1.46
1988-12-22,28.87,28.87,28.75,28.75,38400,1.44
1988-12-21,28.75,28.87,28.62,28.87,75000,1.45
1988-12-20,28.62,28.87,28.62,28.87,112200,1.45
1988-12-19,28.37,28.87,28.37,28.62,64800,1.43
1988-12-16,28.62,28.75,28.37,28.50,78600,1.43
1988-12-15,28.75,28.87,28.37,28.62,98400,1.43
1988-12-14,29.00,29.00,28.75,28.87,98400,1.45
1988-12-13,28.75,29.00,28.75,28.87,106800,1.45
1988-12-12,28.75,28.87,28.62,28.87,255000,1.45
1988-12-09,28.00,28.75,28.00,28.75,387000,1.44
1988-12-08,26.87,27.00,26.75,26.75,45000,1.34
1988-12-07,27.00,27.00,26.75,27.00,43200,1.35
1988-12-06,27.00,27.00,26.87,27.00,72000,1.35
1988-12-05,26.87,27.00,26.75,27.00,113400,1.35
1988-12-02,26.87,27.12,26.75,26.75,161400,1.34
1988-12-01,27.00,27.12,27.00,27.00,69600,1.35
1988-11-30,27.12,27.25,27.12,27.12,2711400,1.36
1988-11-29,27.25,27.25,27.12,27.12,38400,1.36
1988-11-28,27.25,27.37,27.25,27.37,20400,1.37
1988-11-25,27.12,27.37,27.12,27.12,22200,1.36
1988-11-23,26.87,27.12,26.87,27.00,69600,1.35
1988-11-22,27.62,27.87,27.50,27.50,49800,1.35
1988-11-21,27.75,27.87,27.62,27.62,31800,1.36
1988-11-18,27.75,27.87,27.62,27.87,58200,1.37
1988-11-17,27.62,27.75,27.62,27.75,67200,1.36
1988-11-16,27.50,27.87,27.50,27.75,135000,1.36
1988-11-15,27.75,27.87,27.62,27.62,42000,1.36
1988-11-14,27.62,28.00,27.62,28.00,66600,1.37
1988-11-11,27.62,27.87,27.50,27.87,46200,1.37
1988-11-10,28.00,28.00,27.62,27.87,31200,1.37
1988-11-09,27.75,27.87,27.75,27.87,30000,1.37
1988-11-08,27.62,27.87,27.62,27.87,78600,1.37
1988-11-07,27.62,27.87,27.62,27.62,37200,1.36
1988-11-04,27.87,27.87,27.62,27.62,28200,1.36
1988-11-03,27.75,27.75,27.62,27.62,37200,1.36
1988-11-02,27.50,27.75,27.50,27.50,65400,1.35
1988-11-01,27.75,27.87,27.50,27.62,43200,1.36
1988-10-31,27.87,27.87,27.62,27.87,11400,1.37
1988-10-28,27.87,27.87,27.62,27.87,24600,1.37
1988-10-27,27.75,27.87,27.50,27.75,81600,1.36
1988-10-26,27.62,27.75,27.62,27.75,50400,1.36
1988-10-25,27.37,27.50,27.25,27.50,139800,1.35
1988-10-24,27.12,27.37,27.12,27.12,109800,1.33
1988-10-21,27.12,27.25,27.12,27.12,28800,1.33
1988-10-20,27.12,27.25,27.00,27.12,31800,1.33
1988-10-19,27.25,27.37,27.12,27.25,58800,1.34
1988-10-18,27.37,27.37,27.25,27.25,34800,1.34
1988-10-17,27.25,27.37,27.12,27.37,61800,1.34
1988-10-14,27.25,27.37,27.25,27.25,18600,1.34
1988-10-13,27.25,27.37,27.12,27.37,19800,1.34
1988-10-12,27.25,27.37,27.00,27.25,96600,1.34
1988-10-11,27.12,27.25,27.12,27.25,41400,1.34
1988-10-10,27.00,27.12,26.87,27.00,178800,1.33
1988-10-07,27.00,27.00,26.87,26.87,100200,1.32
1988-10-06,26.75,27.00,26.75,26.87,231600,1.32
1988-10-05,26.62,26.87,26.62,26.87,73200,1.32
1988-10-04,27.12,27.12,26.62,26.62,204600,1.31
1988-10-03,26.75,27.00,26.75,26.87,13200,1.32
1988-09-30,27.50,27.75,26.75,26.75,81600,1.31
1988-09-29,27.25,27.50,27.00,27.50,91800,1.35
1988-09-28,27.37,27.37,27.00,27.25,41400,1.34
1988-09-27,27.50,27.50,27.25,27.25,16800,1.34
1988-09-26,27.62,27.62,27.37,27.50,31800,1.35
1988-09-23,27.50,27.62,27.37,27.62,40200,1.36
1988-09-22,27.50,27.75,27.37,27.75,30000,1.36
1988-09-21,27.62,27.62,27.50,27.50,22200,1.35
1988-09-20,27.62,27.87,27.62,27.62,55200,1.36
1988-09-19,27.75,27.87,27.75,27.75,21600,1.36
1988-09-16,27.75,28.00,27.75,28.00,68400,1.37
1988-09-15,27.75,27.87,27.75,27.75,27000,1.36
1988-09-14,27.62,27.75,27.62,27.62,55200,1.36
1988-09-13,27.87,27.87,27.50,27.50,13200,1.35
1988-09-12,27.50,27.87,27.50,27.87,94800,1.37
1988-09-09,27.62,27.62,27.62,27.62,13800,1.36
1988-09-08,27.50,27.62,27.50,27.62,18600,1.36
1988-09-07,27.25,27.50,27.12,27.50,34800,1.35
1988-09-06,26.87,27.75,26.87,27.37,73200,1.34
1988-09-02,27.12,27.12,26.87,26.87,25200,1.32
1988-09-01,27.25,27.25,27.00,27.00,16200,1.33
1988-08-31,27.00,27.12,26.87,27.00,61200,1.33
1988-08-30,26.50,26.87,26.50,26.87,21600,1.32
1988-08-29,26.75,27.00,26.62,26.62,58200,1.31
1988-08-26,26.87,27.00,26.75,27.00,166200,1.33
1988-08-25,26.87,26.87,26.50,26.87,91200,1.32
1988-08-24,27.75,27.87,27.62,27.75,33600,1.34
1988-08-23,27.62,27.75,27.50,27.62,40200,1.33
1988-08-22,27.75,27.75,27.50,27.62,282000,1.33
1988-08-19,27.75,27.75,27.50,27.75,36600,1.34
1988-08-18,27.50,27.62,27.37,27.50,34800,1.32
1988-08-17,27.50,27.75,27.50,27.75,76800,1.34
1988-08-16,27.50,27.62,27.50,27.50,15000,1.32
1988-08-15,27.62,27.75,27.50,27.50,22200,1.32
1988-08-12,27.75,28.12,27.50,27.87,67200,1.34
1988-08-11,28.25,28.37,27.50,27.62,243600,1.33
1988-08-10,28.25,28.37,28.25,28.37,40200,1.37
1988-08-09,28.25,28.37,28.25,28.25,23400,1.36
1988-08-08,28.37,28.37,28.25,28.25,148200,1.36
1988-08-05,28.25,28.37,28.00,28.25,146400,1.36
1988-08-04,27.87,28.25,27.87,28.00,63600,1.35
1988-08-03,28.00,28.00,27.75,27.75,9600,1.34
1988-08-02,28.25,28.25,27.87,27.87,55200,1.34
1988-08-01,28.12,28.50,28.00,28.12,93000,1.35
1988-07-29,28.00,28.12,28.00,28.00,48000,1.35
1988-07-28,27.75,28.00,27.62,28.00,105000,1.35
1988-07-27,27.50,28.00,27.50,27.75,73800,1.34
1988-07-26,27.50,27.62,27.50,27.50,27000,1.32
1988-07-25,27.50,27.75,27.37,27.62,33600,1.33
1988-07-22,27.75,27.75,27.50,27.50,30000,1.32
1988-07-21,27.75,27.75,27.62,27.62,15000,1.33
1988-07-20,27.62,27.75,27.50,27.62,56400,1.33
1988-07-19,27.75,27.87,27.62,27.62,85200,1.33
1988-07-18,28.00,28.12,27.75,27.87,69600,1.34
1988-07-15,28.00,28.00,27.75,27.87,27000,1.34
1988-07-14,28.12,28.12,27.75,27.87,27000,1.34
1988-07-13,28.12,28.25,27.87,28.12,63600,1.35
1988-07-12,28.12,28.25,28.00,28.25,259800,1.36
1988-07-11,28.00,28.25,28.00,28.25,28800,1.36
1988-07-08,28.25,28.37,28.00,28.00,30000,1.35
1988-07-07,28.62,28.62,28.00,28.00,108600,1.35
1988-07-06,28.75,28.75,28.50,28.62,81600,1.38
1988-07-05,28.37,28.75,28.37,28.75,303000,1.38
1988-07-01,28.00,28.25,27.87,28.12,223800,1.35
1988-06-30,27.87,28.12,27.87,27.87,118200,1.34
1988-06-29,27.75,28.00,27.75,28.00,191400,1.35
1988-06-28,27.75,27.87,27.75,27.75,451800,1.34
1988-06-27,27.75,27.87,27.75,27.75,21600,1.34
1988-06-24,27.75,27.87,27.75,27.75,79800,1.34
1988-06-23,27.62,27.75,27.62,27.75,125400,1.34
1988-06-22,27.62,27.87,27.62,27.62,143400,1.33
1988-06-21,27.62,27.87,27.62,27.62,76800,1.33
1988-06-20,27.75,27.87,27.75,27.75,56400,1.34
1988-06-17,28.00,28.00,27.62,27.75,87000,1.34
1988-06-16,28.00,28.00,27.62,27.62,19800,1.33
1988-06-15,27.87,28.25,27.75,28.00,54600,1.35
1988-06-14,27.50,28.12,27.50,28.00,88200,1.35
1988-06-13,27.75,27.75,27.62,27.62,46800,1.33
1988-06-10,27.50,27.75,27.50,27.75,33000,1.34
1988-06-09,27.37,27.75,27.37,27.62,22200,1.33
1988-06-08,27.37,27.50,27.12,27.50,57000,1.32
1988-06-07,27.75,27.87,27.25,27.25,85200,1.31
1988-06-06,28.00,28.25,27.75,28.00,58800,1.35
1988-06-03,27.75,28.00,27.75,27.75,85200,1.34
1988-06-02,28.12,28.25,27.62,27.75,43800,1.34
1988-06-01,27.75,28.62,27.75,28.12,251400,1.35
1988-05-31,27.25,27.87,27.00,27.62,85200,1.33
1988-05-27,27.75,27.75,27.37,27.50,51600,1.32
1988-05-26,26.62,27.62,26.50,27.62,93600,1.33
1988-05-25,26.37,26.87,26.37,26.50,57000,1.28
1988-05-24,26.25,26.50,25.87,26.12,65400,1.26
1988-05-23,27.00,27.25,26.87,26.87,83400,1.27
1988-05-20,26.87,27.12,26.87,27.00,218400,1.27
1988-05-19,27.25,27.25,26.87,27.00,263400,1.27
1988-05-18,28.00,28.00,27.37,27.50,357000,1.30
1988-05-17,28.00,28.12,27.75,27.75,93000,1.31
1988-05-16,28.25,28.25,28.00,28.00,258600,1.32
1988-05-13,27.75,28.25,27.75,28.25,308400,1.33
1988-05-12,28.25,28.25,27.75,27.75,313800,1.31
1988-05-11,28.50,28.50,27.87,28.25,433200,1.33
1988-05-10,28.50,28.62,28.50,28.50,241800,1.34
1988-05-09,28.50,28.75,28.50,28.50,418200,1.34
1988-05-06,28.50,28.75,28.25,28.75,303000,1.36
1988-05-05,28.62,28.87,28.62,28.62,393000,1.35
1988-05-04,28.50,28.62,28.50,28.62,54600,1.35
1988-05-03,28.25,28.62,28.25,28.50,91800,1.34
1988-05-02,28.00,28.25,28.00,28.25,151200,1.33
1988-04-29,27.25,27.87,27.12,27.87,493200,1.31
1988-04-28,27.25,27.37,27.12,27.37,38400,1.29
1988-04-27,27.50,27.50,27.12,27.37,126600,1.29
1988-04-26,27.25,27.50,27.12,27.37,71400,1.29
1988-04-25,27.12,27.25,27.00,27.12,76800,1.28
1988-04-22,27.12,27.37,27.00,27.25,33000,1.29
1988-04-21,27.25,27.25,27.12,27.25,33000,1.29
1988-04-20,27.00,27.12,26.87,27.00,141600,1.27
1988-04-19,27.00,27.25,26.50,27.12,78600,1.28
1988-04-18,26.50,27.00,26.37,27.00,51600,1.27
1988-04-15,26.62,26.62,26.12,26.62,81600,1.26
1988-04-14,27.50,27.50,26.62,26.62,78000,1.26
1988-04-13,27.62,27.75,27.50,27.62,133200,1.30
1988-04-12,27.62,27.75,27.50,27.62,76200,1.30
1988-04-11,27.87,27.87,27.50,27.75,170400,1.31
1988-04-08,27.37,27.62,27.37,27.62,123000,1.30
1988-04-07,26.87,27.00,26.62,27.00,81600,1.27
1988-04-06,26.12,26.62,26.00,26.62,93600,1.26
1988-04-05,26.25,26.25,26.00,26.00,79800,1.23
1988-04-04,26.25,26.25,26.00,26.00,40200,1.23
1988-03-31,26.25,26.50,25.87,26.00,76200,1.23
1988-03-30,26.50,26.50,26.00,26.25,241200,1.24
1988-03-29,26.25,26.50,26.12,26.37,91800,1.24
1988-03-28,26.25,26.25,26.00,26.00,49800,1.23
1988-03-25,26.50,26.75,26.37,26.37,43800,1.24
1988-03-24,26.62,26.62,26.25,26.50,42000,1.25
1988-03-23,26.87,26.87,26.50,26.87,33000,1.27
1988-03-22,26.62,26.75,26.50,26.75,28800,1.26
1988-03-21,26.75,26.75,26.37,26.37,23400,1.24
1988-03-18,26.87,27.00,26.62,26.75,264600,1.26
1988-03-17,27.00,27.12,26.87,27.00,58800,1.27
1988-03-16,27.00,27.00,26.75,26.87,58200,1.27
1988-03-15,26.50,27.00,26.50,26.75,63600,1.26
1988-03-14,26.75,26.75,26.50,26.50,10200,1.25
1988-03-11,27.25,27.50,26.87,27.00,69600,1.27
1988-03-10,27.50,27.62,27.25,27.25,61800,1.29
1988-03-09,27.50,27.50,27.37,27.50,175200,1.30
1988-03-08,27.25,27.50,27.25,27.25,253800,1.29
1988-03-07,27.25,27.50,27.00,27.12,75000,1.28
1988-03-04,26.62,27.50,26.62,27.50,127800,1.30
1988-03-03,26.37,26.62,26.25,26.50,64800,1.25
1988-03-02,26.62,26.62,26.25,26.25,88200,1.24
1988-03-01,26.75,27.00,26.62,26.75,147000,1.26
1988-02-29,26.37,26.75,26.25,26.75,37200,1.26
1988-02-26,26.50,26.62,26.25,26.62,31200,1.26
1988-02-25,26.75,26.87,26.50,26.50,201600,1.25
1988-02-24,26.75,27.00,26.25,26.75,53400,1.26
1988-02-23,27.00,27.00,26.50,26.75,84600,1.26
1988-02-22,27.37,27.75,27.37,27.62,136800,1.28
1988-02-19,27.50,27.75,27.25,27.25,57000,1.26
1988-02-18,27.25,27.87,27.12,27.50,121200,1.27
1988-02-17,27.25,27.37,26.87,27.00,65400,1.25
1988-02-16,27.00,27.37,26.87,26.87,72000,1.24
1988-02-12,26.75,27.00,26.50,26.87,49800,1.24
1988-02-11,26.75,26.87,26.37,26.87,76200,1.24
1988-02-10,26.75,26.75,26.50,26.62,42000,1.23
1988-02-09,26.75,26.75,26.50,26.75,23400,1.24
1988-02-08,27.00,27.00,26.50,26.62,63600,1.23
1988-02-05,26.87,26.87,26.62,26.87,31800,1.24
1988-02-04,26.75,26.87,26.50,26.87,43800,1.24
1988-02-03,26.25,26.62,26.25,26.62,106800,1.23
1988-02-02,26.25,26.50,26.12,26.25,51600,1.22
1988-02-01,26.25,26.50,26.25,26.25,36600,1.22
1988-01-29,26.00,26.37,26.00,26.37,18000,1.22
1988-01-28,26.12,26.25,26.00,26.25,43200,1.22
1988-01-27,26.00,26.00,25.87,26.00,26400,1.20
1988-01-26,26.25,26.25,26.00,26.25,46800,1.22
1988-01-25,25.87,26.00,25.87,26.00,11400,1.20
1988-01-22,26.25,26.25,26.00,26.00,40200,1.20
1988-01-21,26.12,26.12,25.75,26.00,71400,1.20
1988-01-20,26.00,26.25,26.00,26.00,49800,1.20
1988-01-19,26.12,26.12,26.00,26.12,67200,1.21
1988-01-18,26.25,26.25,26.00,26.00,39600,1.20
1988-01-15,26.37,26.62,26.25,26.25,31200,1.22
1988-01-14,25.87,26.12,25.87,26.00,38400,1.20
1988-01-13,26.00,26.00,25.87,25.87,6600,1.20
1988-01-12,26.00,26.00,25.62,25.87,61200,1.20
1988-01-11,25.75,26.00,25.75,25.87,33000,1.20
1988-01-08,26.25,26.25,25.75,25.75,33000,1.19
1988-01-07,25.75,26.37,25.75,26.12,42000,1.21
1988-01-06,26.00,26.00,25.62,25.75,63600,1.19
1988-01-05,26.00,26.12,25.75,25.75,87000,1.19
